000000000000000000000000000000
000000000000000000000000000000
000000000000000000000000000000
000000000000000000000000000000
000000000000000000011100000000
000000000000000000111000000000
000000000000000000011100000000
000000000000000000011100000000
000000000000000000011100000000
000000000000000000111000000000
000000000000000000011100000000
000000000000000000011100000000
000000000000000000011100000000
000000000000000000111000000000
000000000000000000011100000000
000000000000000000011100000000
000000000000000000011100000000
000000000000000000111000000000
000000000000000000011100000000
000000000000000000011100000000
000000000000000000011100000000
000000000000000000111000000000
000000000000000000011100000000
000000000000000000011100000000
000000000000000000011100000000
000000000000000000111100000000
000000011000000000011100000000
000000011110000000011100000000
000000011110000000011100000000
000000011100000000111100000000
000000011100000000011100000000
000000001111000000111000000000
000000001111000001110000000000
000000000111110111101000000000
000000000111111111100000000000
000000000000011110000000000000
000000000000000000000000000000
000000000000000000000000000000
000000000000000000000000000000
000000000000000000000000000000
