000000000000000000000000000000
000000000000000000000000000000
000000000000000000000000000000
000000000000000000000000000000
000000000000000000000000000000
000000000001111111110000000000
000000011111111111111000000000
000011111111111111011110000000
000011111101000000011110000000
000011110000000000001111000000
000011100000000000000111000000
000111110000000000000111100000
000111100000000000000011100000
000011100000000000000111100000
000011100000000000000110000000
000111100000000000001111000000
000011100000000000001111000000
000011100000000111111100000000
000011111101111111111100000000
000111111111111111111100000000
000011111111001100111111000000
000011110000000000000111100000
000011110000000000000111100000
000011100000000000000011100000
000011100000000000000001110000
000011110000000000000011110000
000111110000000000000011100000
000011100000000000000011110000
000011100000000000000011100000
000011110000000000000111000000
000011110000001101111110000000
000011111111111111111110000000
000011111111111111111100000000
000011111110111011000000000000
000000000000000000000000000000
000000000000000000000000000000
000000000000000000000000000000
000000000000000000000000000000
000000000000000000000000000000
000000000000000000000000000000
