000000000000000000000000000000
000000000000000000000000000000
000000000000000000000000000000
000000000000000000111100000000
000000000000000000111000000000
000000000000000000111000000000
000000000000000000111000000000
000000000000000000011100000000
000000000000000000111000000000
000000000000000000111000000000
000000000000000000111000000000
000000000000000000011100000000
000000000000000000111100000000
000000000000000000111000000000
000000000000000000111000000000
000000000000000000011100000000
000000000000000000111100000000
000000000000000000111000000000
000000000000000000111000000000
000000000000000000011100000000
000000000000000000111100000000
000000000000000000111000000000
000000000000000000111100000000
000000000000000000011100000000
000000000000000000111100000000
000000000000000000111000000000
000000000000000000111100000000
000000011100000000011100000000
000000011110000000111000000000
000000011100000000111000000000
000000011100000000111000000000
000000011111000000110000000000
000000001111000001110000000000
000000000111111111000000000000
000000000111111111000000000000
000000000000111100000000000000
000000000000000000000000000000
000000000000000000000000000000
000000000000000000000000000000
000000000000000000000000000000
