000000000000000000000000000000
000000000000000000000000000000
000000110000000000000000000000
000000111100000000000000000000
000001111111100000000000000000
000000011111111100000000000000
000000000011111110000000000000
000000000000011111110000000000
000000000000001111111000000000
000000000000001111111111000000
000000000000011110011111100000
000000000000011110000111110000
000000000000011100000001110000
000000000000111100000000010000
000000000000111100000000000000
000000000000111100000000000000
000000000000111000000000000000
000000000001111000000000000000
000000000001111000000000000000
000000000001110000000000000000
000000000011110000000000000000
000000000011110000000000000000
000010000011110000000000000000
000000000011100000000000000000
000000000111100000000000000000
000000000111100000000000000000
000000000111000000000000000000
000000000111000000000000000000
000000001111000000000000000000
000000001111000000000000000000
000000001110000000000000000000
000000011110000000000000000000
000000011110000000000000000000
000000000000000000000000000000
000000000000000000000000000000
000000000000000000000000000000
000000000000000000000000000000
000000000000000000000000000000
000000000000000000000000000000
000000000000000000000000000000
