000000000000000000000000000000
000000000000000000000000000000
000000000000000000000000000000
000000000000000000000000000000
000000000000000000000000000000
000000000000001011100000000000
000000000010111111111100000000
000001111111111111011110000000
000011111111100000011111000000
000011111000000000000110000000
000111010000000000000111100000
000111100000000000000011100000
000111100000000000000111100000
000111100000000000000110000000
000111000000000000000111000000
000111100000000000001111000000
000111100000000000011100000000
000011100000000010111100000000
000111000001101111111100000000
000111111111111111111111000000
000111111111111100000111100000
000011111110000000000111100000
000111100000000000000011100000
000111100000000000000001110000
000011100000000000000011110000
000011100000000000000011100000
000111100000000000000011100000
000011100000000000000011100000
000011100000000000000111000000
000111110000000000011111000000
000111100001001101111110000000
000011110111111111111100000000
000011111111111111010000000000
000111111111110000000000000000
000000000000000000000000000000
000000000000000000000000000000
000000000000000000000000000000
000000000000000000000000000000
000000000000000000000000000000
000000000000000000000000000000
