000000000000000000000000000000
000000000000000000000000000000
000000000000000000000000000000
000000000000000000000000000000
000000010000000000000000000000
000000010000000000000000000000
000011111100000000000000000000
000011111110000000000000000000
000011111110000000000000000000
000011111111000000000000000000
000011101111100000000000000000
000011100011100000000000000000
000111100011111000000000000000
000011100001111100000000000000
000011100001111100000000000000
000111100000111110000000000000
000111100000011111000000000000
000011100000011111110000000000
000011100000000011111000000000
000011110000000111111100000000
000011110000001111111100000000
000011100001111111111111000000
000011101111111110011111000000
000011111111110000000111110000
000011111111000000000111110000
000011111000000000000111111000
000111110000000000000001110000
000111100000000000000000000000
000111100000000000000000000000
000011110000000000000000000000
000011100000000000000000000000
000011110000000000000000000000
000011110000000000000000000000
000011100000000000000000000000
000011100000000000000000000000
000011110000000000000000000000
000000000000000000000000000000
000000000000000000000000000000
000000000000000000000000000000
000000000000000000000000000000
