000000000000000000000000000000
000000000000000000000000000000
000000000000000000001100000000
000000000000000000001111000000
000000000000000000011111100000
000000000000000000011111000000
000000000000000000111111100000
000000000000000001111111100000
000000000000000001110011100000
000000000000000111110011000000
000000000000000111100011100000
000000000000000111100011110000
000000000000011111000011100000
000000000000011100000011100000
000000000000111110000011100000
000000000000111100000011100000
000000000001111000000011100000
000000000001110000000011110000
000000000111111000000011100000
000000001111111000000111100000
000000001111111111100001100000
000000011111011111111011110000
000000011110000001111111100000
000000111010000010111111000000
000001111100000000001111100000
000001111000000000000011110000
000111110000000000000001100000
000111100000000000000011100000
000001110000000000000011100000
000000000000000000000011100000
000000000000000000000011100000
000000000000000000000011110000
000000000000000000000011100000
000000000000000000000011000000
000000000000000000000001100000
000000000000000000000011110000
000000000000000000000001100000
000000000000000000000000000000
000000000000000000000000000000
000000000000000000000000000000
