000000000000000000000000000000
000000000000000000000000000000
000000000000000000000000000000
000000011000000000000000000000
000001110000000000000000000000
000011111100000000000000000000
000011111110000000000000000000
000011111110000000000000000000
000001111111000000000000000000
000011101111100000000000000000
000011100011100000000000000000
000011100111110000000000000000
000011100001111100000000000000
000001100000111100000000000000
000011110000011110000000000000
000001100000011111000000000000
000011100000001111100000000000
000001100000000111110000000000
000001110000000111110000000000
000001110000001111111000000000
000001100000111111111100000000
000011110001111111011100000000
000001110111111000011110000000
000001111111110000001111000000
000001111111100000000111110000
000011111100000000000111110000
000001111000000000000011110000
000001110000000000000001100000
000001110000000000000000000000
000001110000000000000000000000
000001110000000000000000000000
000001111000000000000000000000
000001111000000000000000000000
000011110000000000000000000000
000001110000000000000000000000
000001110000000000000000000000
000000000000000000000000000000
000000000000000000000000000000
000000000000000000000000000000
000000000000000000000000000000
