000000000000000000000000000000
000000000000000000000000000000
000000000000000000000000000000
000000000100000000000000000000
000000111110000000000000000000
000001111111000000000000000000
000001111111000000000000000000
000001111111100000000000000000
000001111111110000000000000000
000001110011110000000000000000
000001110001111000000000000000
000011110001111110000000000000
000001110000111110000000000000
000001110000011111000000000000
000011110000001111100000000000
000011110000001111100000000000
000011100000000011110000000000
000011110000000011111000000000
000011110000001111111000000000
000011100001111111111100000000
000011100011111110011100000000
000011111111110000011110000000
000011111111100000011111000000
000011111100000000000111000000
000011110000000000000111110000
000111100000000000000111110000
000111100000000000000001111000
000111100000000000000001110000
000111000000000000000000000000
000111100000000000000000000000
000111100000000000000000000000
000111000000000000000000000000
000111000000000000000000000000
000111100000000000000000000000
000111000000000000000000000000
000110000000000000000000000000
000000000000000000000000000000
000000000000000000000000000000
000000000000000000000000000000
000000000000000000000000000000
