000000000000000000000000000000
000000000100000000000000000000
000000011100000000000000000000
000001111110000000000000000000
000001111111000000000000000000
000001111111000000000000000000
000001111111110000000000000000
000001110111110000000000000000
000001110001111000000000000000
000011110001111100000000000000
000001110000111110000000000000
000001110000011110000000000000
000011110000001111000000000000
000011110000001111100000000000
000001100000001111100000000000
000011110000000011110000000000
000011110000000111111000000000
000011100000011111111000000000
000011100001111111111100000000
000011111111111110011100000000
000011111111110000011110000000
000011111110000000011111000000
000011111000000000000111000000
000111100000000000000111100000
000111100000000000000111110000
000111100000000000000001110000
000111000000000000000001111000
000111100000000000000000000000
000111100000000000000000000000
000111000000000000000000000000
000111000000000000000000000000
000111100000000000000000000000
000111000000000000000000000000
000110000000000000000000000000
000000000000000000000000000000
000000000000000000000000000000
000000000000000000000000000000
000000000000000000000000000000
000000000000000000000000000000
000000000000000000000000000000
