000000000000000000000000000000
000000000000000000000000000000
000000000000000000000000000000
000000000000000000000000000000
000000000000000000000000000000
000000000000000000000000000000
000000000000000000001000000000
000000000000000000011110000000
000000000000000000111111100000
000000000000000001111111100000
000000000000000011111111000000
000000000000000011111111100000
000000000000001111100111100000
000000000000001111100011100000
000000000000011111000011100000
000000000000111110000111100000
000000000001111100000011100000
000000000001111100000011100000
000000000111110000000011100000
000000001111110000000011100000
000000001111111000000011110000
000000011111111100000011110000
000000111110111111000011100000
000000111110001111110011110000
000011111000000011111111110000
000011111000000001111111110000
000111100000000000001111110000
000011100000000000000111110000
000000000000000000000001110000
000000000000000000000001110000
000000000000000000000001110000
000000000000000000000001110000
000000000000000000000001110000
000000000000000000000001111000
000000000000000000000001110000
000000000000000000000001110000
000000000000000000000001111000
000000000000000000000001111000
000000000000000000000000011000
000000000000000000000000000000
