000000000000000000000000000000
000000000000000000000000000000
000000000000000000100000000000
000000000000100001111100000000
000000000001100001111100000000
000000000001000011111100000000
000000000001000111111110000000
000000000000001111111110000000
000000000000000111001110000000
000000000000001111001110000000
000000000000011110001110000000
000000000000011110001111000000
000000000000111110001110000000
000000000000111100001110000000
000000000001111000001110000000
000000000001111000000111000000
000000000011111000000111000000
000000000011100000000111000000
000000000111100000001111000000
000000001111111100001111000000
000000011111111111000111100000
000000011111111111110111000000
000000111110010111111111000000
000000111000000011111111000000
000001111100000000011111000000
000001111000000000010111100000
000011110000000000000111000000
000011100000000000000011100000
000011110000000000000111100000
000000000000000000000011100000
000000000000000000000011100000
000000000000000000000011100000
000000000000000000000011100000
000000000000000000000011000000
000000000000000000000011100000
000000000000000000000011110000
000000000000000000000011100000
000000000000000000000000000000
000000000000000000000000000000
000000000000000000000000000000
