000000000000000000000000000000
000000000000000000000000000000
000000000000000000000000000000
000000000000000000000000000000
000000000000000001000000000000
000000000000000011110100000000
000000000000000011111000000000
000000000000000111111100000000
000000000000001111111100000000
000000000000001111111100000000
000000000000001110111100000000
000000000000111110011000000000
000000000000111100011100000000
000000000000011100011110000000
000000000001111000011100000000
000000000001111000011110000000
000000000011100000011110000000
000000000011110000001110000000
000000000111000000001111000000
000000000111000000001110000000
000000001111100000011111000000
000000011111110000001111000000
000000111111111100000111000000
000000111101111111111110000000
000001111101001111111111000000
000001110000000011111111100000
000011110000000000111111000000
000011110000000000000011100000
000111100000000000000111000000
000111000000000000000111000000
000111100000000000000011110000
000000000000000000000011100000
000000000000000000000111100000
000000000000000000000011110000
000000000000000000000001110000
000000000000000000000011110000
000000000000000000000000000000
000000000000000000000000000000
000000000000000000000000000000
000000000000000000000000000000
