000000000000000000000000000000
000000000000000000000000000000
000000000000000000110000000000
000000000000000000111010000000
000000000000000001111110000000
000000000000000001111110000000
000000000000000111111110000000
000000000000000111111100000000
000000000000000111101110000000
000000000000001111001110000000
000000000000011111001110000000
000000000000001110000111000000
000000000000111110001110000000
000000000000111000000110000000
000000000001111000001111000000
000000000001111000000110000000
000000000011110000001111000000
000000000011100000000111000000
000000000011110000000111000000
000000001111111000001111000000
000000011111111110000011000000
000000011110111111100111100000
000000011110001111111111000000
000000111100000001111111000000
000000111000000000011111000000
000001111100000000000111100000
000001110000000000000011100000
000011110000000000000011100000
000011110000000000000111100000
000000100000000000000011100000
000000000000000000000011100000
000000000000000000000011110000
000000000000000000000011100000
000000000000000000000111100000
000000000000000000000011110000
000000000000000000000001110000
000000000000000000000001100000
000000000000000000000000000000
000000000000000000000000000000
000000000000000000000000000000
