000000000000000000000000000000
000000000000000000000000000000
000000000000000000000000000000
000000000000000000000000000000
000000000000000000000000000000
000000000000000000001000000000
000000000000000000011100000000
000000000000000000011111000000
000000000000000001111111100000
000000000000000011111111000000
000000000000000011111111100000
000000000000000111100111100000
000000000000001111100111100000
000000000000011111000011100000
000000000000011110000111100000
000000000001111100000111100000
000000000001111100000011100000
000000000011110000000011100000
000000000111110000000011100000
000000001111110000000011110000
000000001111111000000011110000
000000111111111111000011100000
000000111110011111100011110000
000000111000000111111011110000
000011111000000001111111110000
000011111000000000011111110000
000111100000000000001111110000
000011100000000000000011110000
000000000000000000000001110000
000000000000000000000001110000
000000000000000000000001110000
000000000000000000000001110000
000000000000000000000001110000
000000000000000000000001110000
000000000000000000000001110000
000000000000000000000001110000
000000000000000000000001111000
000000000000000000000001111000
000000000000000000000000001000
000000000000000000000000000000
