000000000000000000000000000000
000000000000000000000000000000
000000000000000000010000000000
000000000000000000110000000000
000000000000000000111110000000
000000000000000001111110000000
000000000000000001111110000000
000000000000000111111110000000
000000000000000011111110000000
000000000000000111101110000000
000000000000001111001110000000
000000000000011111001110000000
000000000000011110000111000000
000000000000111110001110000000
000000000000111000000110000000
000000000001111000001111000000
000000000001111000000111000000
000000000001110000000111000000
000000000011110000000111000000
000000001011110000000111000000
000000001111111100001111100000
000000001111111111000111100000
000000011110011111110111100000
000000011110010111111111000000
000000111010000011111111000000
000000111100000000011111000000
000001111100000000001111100000
000001110000000000000011100000
000011110000000000000011100000
000011110000000000000111100000
000000100000000000000011100000
000000000000000000000001100000
000000000000000000000011110000
000000000000000000000011100000
000000000000000000000011100000
000000000000000000000001110000
000000000000000000000001110000
000000000000000000000000000000
000000000000000000000000000000
000000000000000000000000000000
