000000000000000000000000000000
000000000000000000000000000000
000000000000000000000000000000
000000000000000000000000000000
000000000000000000000010000000
000000000000000000001111100000
000000000000000000111111110000
000000000000000001111111110000
000000000000000001111111100000
000000000000000111110111110000
000000000000000111110011110000
000000000000001111100001110000
000000000000011111000001110000
000000000000111110000011110000
000000000000111110000001110000
000000000011111000000001110000
000000000111111000000001110000
000000011111111000000011100000
000000111111111100000011110000
000000111110111111000011110000
000011111110001111110011100000
000011111000000011111011110000
000111100000000001111111110000
000011100000000000001111110000
000000000000000000001111110000
000000000000000000000111110000
000000000000000000000001110000
000000000000000000000001110000
000000000000000000000001110000
000000000000000000000011100000
000000000000000000000011100000
000000000000000000000011110000
000000000000000000000011100000
000000000000000000000011100000
000000000000000000000011110000
000000000000000000000011110000
000000000000000000000000000000
000000000000000000000000000000
000000000000000000000000000000
000000000000000000000000000000
