000000000000000000000000000000
000000000000000000000000000000
000000000000000000000000000000
000000000001000000000000000000
000000000111000000000000000000
000000001111100000000000000000
000000011111110000000000000000
000000001111110000000000000000
000000001111111000000000000000
000000011101111000000000000000
000000011100111100000000000000
000000111000011100000000000000
000000011100111110000000000000
000000111000001111000000000000
000000111100001111000000000000
000000011000000111000000000000
000000111000000111110000000000
000000011000000011110000000000
000000111000000011110000000000
000001111100000011111000000000
000000110000000111111000000000
000001111000011111111100000000
000000111001111111111100000000
000000111111111111011110000000
000011111111110000001110000000
000001111110010000001111000000
000001111000000000000111000000
000001110000000000000111110000
000001100000000000000011110000
000001110000000000000011110000
000011100000000000000001000000
000011110000000000000000000000
000111110000000000000000000000
000111000000000000000000000000
000011100000000000000000000000
000011100000000000000000000000
000000000000000000000000000000
000000000000000000000000000000
000000000000000000000000000000
000000000000000000000000000000
