000000000000000000000000000000
000000000000000000000000000000
000000000000000000000000000000
000000000000000000000000000000
000000000000000000000000000000
000000000000000000010011000000
000000000000000000111111000000
000000000000000000111110000000
000000000000000000111111000000
000000000000000001111111000000
000000000000000011111111000000
000000000000000111101111000000
000000000000000111000111000000
000000000000000111000111000000
000000000000001110001111000000
000000000000011110000111000000
000000000000011100000111000000
000000000000111000000111100000
000000000000111000000111100000
000000000001111000000111100000
000000000011110000000111100000
000000000011100000000111100000
000000000011100000000111100000
000000001111111111111111100000
000000001111111111111111100000
000000011111111111111111100000
000000011101100100010011100000
000000111100000000000011100000
000001111000000000000011100000
000001110000000000000011100000
000001110000000000000011100000
000111110000000000000011100000
000111100000000000000011110000
000111000000000000000011110000
000111000000000000000011110000
000000000000000000000000000000
000000000000000000000000000000
000000000000000000000000000000
000000000000000000000000000000
000000000000000000000000000000
