000000000000000000000000000000
000000000000000000000000000000
000000000000000000000000000000
000000000000000000000000000000
000000000000000011000000000000
000000000000111111111000000000
000000000000111111111110000000
000000000111111100111111000000
000000000111100000001111000000
000000000110000000001111100000
000000001100000000000111100000
000000111000000000000011110000
000000111000000000000011100000
000001111000000000000000000000
000001110000000000000000000000
000001100000000000000000000000
000011000000000000000000000000
000011100000000000000000000000
000011000000000000000000000000
000011000000000000000000000000
000111000000000000000000000000
000111100000000000000000000000
000111100000000000000000000000
000111000000000000000001110000
000111000000000000000001110000
000011100000000000000001110000
000011100000000000000011110000
000111000000000000000011110000
000011000000000000000011100000
000001110000000000000111000000
000011110000000000011111000000
000001111000000000001110000000
000001111100000000111110000000
000000011110000011110000000000
000000011111111111110000000000
000000001111111111000000000000
000000000000000000000000000000
000000000000000000000000000000
000000000000000000000000000000
000000000000000000000000000000
