000000000000000000000000000000
000000000000000000000000000000
000000000000000000000000000000
000000000000000000000000000000
000000000000111110000000000000
000000000111111111110000000000
000000000111101111110100000000
000000011111000001111100000000
000000111100000000011100000000
000000111000000000001111000000
000011110000000000000111100000
000011110000000000000011100000
000001100000000000000011100000
000111000000000000000011100000
000111100000000000000011110000
000111100000000000000001110000
000111000000000000000000110000
000111000000000000000000000000
000111000000000000000000000000
000111000000000000000000000000
000111000000000000000000000000
000011000000000000000000000000
000110000000000000000000000000
000011000000000000000000000000
000001100000000000000000000000
000011000000000000000000000000
000011100000000000000000000000
000001110000000000000001100000
000000110000000000000111100000
000000011000000000000111100000
000000011100000000001111100000
000000011110000000001111000000
000000001111001000011111000000
000000000111111111111110000000
000000000001111111111100000000
000000000000111111111100000000
000000000000000000000000000000
000000000000000000000000000000
000000000000000000000000000000
000000000000000000000000000000
