000000000000000000000000000000
000000000000000000000000000000
000000000000000000000000000000
000000000000000000000000000000
000000000000110000000000000000
000000000001111110000000000000
000000000111111111100000000000
000000011111111111111000000000
000000111100000000111110000000
000000111100000000011110000000
000001111000000000001111000000
000001111000000000000111000000
000001110000000000000011100000
000111100000000000000011110000
000111000000000000000001110000
000011000000000000000000100000
000011000000000000000000000000
000111100000000000000000000000
000111100000000000000000000000
000111000000000000000000000000
000111100000000000000000000000
000111100000000000000000000000
000011100000000000000000000000
000011100000000000000000000000
000011100000000000000000000000
000011100000000000000000000000
000001110000000000000000111000
000000110000000000000000111000
000000111000000000000001111000
000000111110000000000001111000
000000111110000000000001111000
000000001110000000000011111000
000000000011000000001111100000
000000000001111111111111110000
000000000001111111111111100000
000000000000001111111100000000
000000000000000000000000000000
000000000000000000000000000000
000000000000000000000000000000
000000000000000000000000000000
