000000000000000000000000000000
000000000000000000000000000000
000000000000000000000000000000
000000000000000000000000000000
000000000000000000000000000000
000000000000100100000000000000
000000000001111110010000000000
000000011111111111110000000000
000000011110111111111111000000
000000111100000000011111000000
000001111000000000001111000000
000011100000000000000111100000
000111100000000000000011110000
000111100000000000000011111000
000111000000000000000000000000
000110000000000000000000000000
001110000000000000000000000000
001111000000000000000000000000
001111000000000000000000000000
001110000000000000000000000000
001110000000000000000000000000
000111000000000000000000000000
001110000000000000000000000000
001110000000000000000000110000
000110000000000000000001111000
000111000000000000000001110000
000111000000000000000011110000
000111000000000000000011110000
000011000000000000000111110000
000001110000000000001111000000
000001111000000000001111000000
000001111000000000011110000000
000000011100100111111100000000
000000001111111111111000000000
000000000111111111000000000000
000000000000000000000000000000
000000000000000000000000000000
000000000000000000000000000000
000000000000000000000000000000
000000000000000000000000000000
