000000000000000000000000000000
000000000000000000000000000000
000000000000000000000000000000
000000000000000000000000000000
000000000000001110000000000000
000000000011111111111000000000
000000000011111111111110000000
000000000111110111011110000000
000000001100000000011111100000
000000011100000000000111100000
000000111100000000000011100000
000000111000000000000011110000
000001110000000000000011111000
000001100000000000000000111000
000011100000000000000000000000
000011100000000000000000000000
000011100000000000000000000000
000011000000000000000000000000
000011000000000000000000000000
000011100000000000000000000000
000011100000000000000000000000
000111000000000000000000000000
000111100000000000000000000000
000011100000000000000000110000
000011100000000000000000111000
000011000000000000000000111000
000011100000000000000001111000
000001110000000000000011110000
000011110000000000000011110000
000001110000000000000111100000
000000111100000000000111100000
000000011110000001111111000000
000000011111001111111100000000
000000001111111111111000000000
000000000011111111000000000000
000000000000000000000000000000
000000000000000000000000000000
000000000000000000000000000000
000000000000000000000000000000
000000000000000000000000000000
