000000000000000000000000000000
000000000000000000000000000000
000000000000000000000000000000
000000000001001000000000000000
000000000011111110000000000000
000000000111111111100000000000
000000011111001111110000000000
000000011111000001111100000000
000000111110000000001110000000
000001111000000000001110000000
000001111000000000001111100000
000001100000000000000111100000
000001100000000000000011100000
000111100000000000000001100000
000011100000000000000011100000
000011100000000000000001110000
000111100000000000000001110000
000111000000000000000000000000
000111100000000000000000000000
000111100000000000000000000000
000011000000000000000000000000
000011000000000000000000000000
000111100000000000000000000000
000011000000000000000000000000
000001100000000000000000000000
000011000000000000000000000000
000001110000000000000000000000
000001110000000000000001100000
000000111000000000000111110000
000000011000000000000111100000
000000011100000000000111100000
000000011100000000001111100000
000000001111000000011111000000
000000000111111011111110000000
000000000001111111111100000000
000000000000111111111100000000
000000000000000000000000000000
000000000000000000000000000000
000000000000000000000000000000
000000000000000000000000000000
