000000000000000000000000000000
000000000000000000000000000000
000000000000000000000000000000
000000000000000000000000000000
000000000000000000000000000000
000000000000111111111000000000
000000000111111111111100000000
000000000111110011111100000000
000000001111000000011110000000
000000111100000000001111000000
000000110000000000001111100000
000001110000000000000100000000
000001100000000000000000000000
000011100000000000000000000000
000011100000000000000000000000
000111000000000000000000000000
000110000000000000000000000000
000111000000000000000000000000
001110000000000000000000000000
001110000000000000000000000000
000110000000000000000000000000
000111000000000000000000011100
001111000000000000000000011100
001111000000000000000000111100
000111100000000000000000111100
000111100000000000000000111100
000111100000000000000000111000
000011100000000000000001111000
000001110000000000000001111000
000001111000000000000111110000
000000111110000000001111100000
000000011111100011111111000000
000000001111111111111100000000
000000000001111111111000000000
000000000000000000000000000000
000000000000000000000000000000
000000000000000000000000000000
000000000000000000000000000000
000000000000000000000000000000
000000000000000000000000000000
