000000000000000000000000000000
000000000000000000000000000000
000000000000000000000000000000
000000000000000000000000000000
000000000000000000000000000000
000000000000000000000000000000
000000000000110111111000000000
000000000111111111111100000000
000000001111111011111110000000
000000111111100000111111000000
000001111100000000001111100000
000001110000000000000100000000
000011110000000000000000000000
000011100000000000000000000000
000111100000000000000000000000
000111000000000000000000000000
000110000000000000000000000000
001111000000000000000000000000
000110000000000000000000000000
000110000000000000000000000100
000110000000000000000000011100
001111000000000000000000111100
000111000000000000000000011100
000111000000000000000000111100
000111100000000000000000111100
000111100000000000000000111000
000011100000000000000000111000
000001100000000000000001111000
000001110000000000000001110000
000001111000000000000011110000
000000111000000000000111100000
000000011110000000011111000000
000000011111100000111100000000
000000001111110111111100000000
000000000000000000000000000000
000000000000000000000000000000
000000000000000000000000000000
000000000000000000000000000000
000000000000000000000000000000
000000000000000000000000000000
