000000000000000000000000000000
000000000000000000000000000000
000000000000000000000000000000
000000000000000000000000000000
000000000000000000000000000000
000000000000110110000000000000
000000000101111111010000000000
000000011111111111111100000000
000000011111001100111111000000
000001111000000000011111000000
000011111000000000000111100000
000011100000000000000011110000
000111100000000000000111110000
000111100000000000000010000000
000110000000000000000000000000
000110000000000000000000000000
001110000000000000000000000000
001111000000000000000000000000
001110000000000000000000000000
001110000000000000000000000000
001110000000000000000000000000
000111000000000000000000000000
001110000000000000000000001000
000110000000000000000000111000
000110000000000000000001111000
001111000000000000000011110000
000111000000000000000011110000
000011000000000000000011110000
000011100000000000000111000000
000001110000000000001111000000
000001111000000000001111000000
000000011100000001111110000000
000000011110111111111000000000
000000001111111111110000000000
000000000000000000000000000000
000000000000000000000000000000
000000000000000000000000000000
000000000000000000000000000000
000000000000000000000000000000
000000000000000000000000000000
