000000000000000000000000000000
000000000000000000000000000000
000000000000000000000000000000
000000000000000000000000000000
000000000000001111111110000000
000000000000001111111111000000
000000000011111111110111110000
000000000011111000000011111000
000000000111100000000001111000
000000000111000000000001111000
000000001110000000000001111000
000000111000000000000001110000
000000111000000000000000000000
000000111000000000000000000000
000001110000000000000000000000
000001110000000000000000000000
000001100000000000000000000000
000011100000000000000000000000
000011100000000000000000000000
000011110000000000000000000000
000011100000000000000000000000
000011100000000000000000000000
000011100000000000000000110000
000111100000000000000000111000
000011000000000000000001111000
000001100000000000000001111000
000001110000000000000011110000
000011110000000000000011100000
000001110000000000000011000000
000001111000000000000011100000
000000011100000000001111000000
000000011110000000111110000000
000000001111111101111110000000
000000000111111111110000000000
000000000110111110000000000000
000000000000000000000000000000
000000000000000000000000000000
000000000000000000000000000000
000000000000000000000000000000
000000000000000000000000000000
