000000000000000000000000000000
000000000000000000000000000000
000000000000000000000000000000
000000000000000000000000000000
000000000000000000000000000000
000000000001001111100000000000
000000000011111111111110000000
000000000111111101111110000000
000000001111110000111111000000
000000011101000000000111000000
000000111000000000000011100000
000000110000000000000111100000
000001110000000000000011100000
000011100000000000000000000000
000011100000000000000000000000
000110000000000000000000000000
001111000000000000000000000000
000110000000000000000000000000
000110000000000000000000000000
000110000000000000000000000000
001111000000000000000000000000
001110000000000000000000000000
001110000000000000000000000000
001111000000000000000000111000
001111000000000000000000111000
000111000000000000000001111000
000011000000000000000001111000
000111000000000000000001111000
000011100000000000000011100000
000011111000000000000111100000
000001111100000000011111100000
000000111110001001111111000000
000000000111111111111110000000
000000000111111111110100000000
000000000000000000000000000000
000000000000000000000000000000
000000000000000000000000000000
000000000000000000000000000000
000000000000000000000000000000
000000000000000000000000000000
