000000000000000000000000000000
000000000000000000000000000000
000000000000000000000000000000
000000000000000000000000000000
000000000000110000000000000000
000000000011111111000000000000
000000011111111111110000000000
000000011111100011111100000000
000000111100000000111100000000
000001111000000000011111000000
000001110000000000000011100000
000011100000000000000011100000
000111100000000000000001110000
000111100000000000000001111000
000111000000000000000000111000
000111000000000000000000111000
000111000000000000000000111000
000111000000000000000000111000
000110000000000000000000011000
001110000000000000000000000000
001111000000000000000000000000
000111000000000000000000000000
000111000000000000000000000000
000111000000000000000000000000
000011100000000000000000000000
000011100000000000000000000000
000001110000000000000000000000
000001110000000000000000000000
000000111000000000000011100000
000000011100000000000111100000
000000001111100000001111100000
000000000111110010011111100000
000000000011111111111111000000
000000000000111111111100000000
000000000000000011111000000000
000000000000000000000000000000
000000000000000000000000000000
000000000000000000000000000000
000000000000000000000000000000
000000000000000000000000000000
