000000000000000000000000000000
000000000000000000000000000000
000000000000000000000000000000
000000000000101010000000000000
000000000001111110110000000000
000000000111111111110000000000
000000000111100101111100000000
000000011110100001111100000000
000001111100000000000110000000
000001111000000000000110000000
000000110000000000000111100000
000001100000000000000011100000
000001100000000000000011100000
000011110000000000000011100000
000011100000000000000001110000
000111100000000000000011110000
000111000000000000000001110000
000111100000000000000000110000
000111000000000000000000000000
000011000000000000000000000000
000110000000000000000000000000
000111000000000000000000000000
000111000000000000000000000000
000011000000000000000000000000
000011000000000000000000000000
000111000000000000000000000000
000011100000000000000000000000
000001110000000000000000000000
000001110000000000000011000000
000000111000000000001111000000
000000111000000000011111000000
000000011110000000011110000000
000000000111110001011110000000
000000000111111111111100000000
000000000011111111111000000000
000000000000111111110000000000
000000000000000000000000000000
000000000000000000000000000000
000000000000000000000000000000
000000000000000000000000000000
