000000000000000000000000000000
000000000000000000000000000000
000000000000000000000000000000
000000000000000000000000000000
000000000000000000000000000000
000000000000010010000000000000
000000000010111111000000000000
000000001111111111111000000000
000000011111111111111100000000
000001111110000010011111000000
000001111000000000001111100000
000001110000000000000011100000
000111100000000000000011111000
000011000000000000000011110000
000111000000000000000001110000
001110000000000000000000000000
001111000000000000000000000000
001111000000000000000000000000
001110000000000000000000000000
001110000000000000000000000000
001111000000000000000000000000
001110000000000000000000000000
001110000000000000000000000000
001100000000000000000000000000
001110000000000000000001110000
001110000000000000000001110000
001111000000000000000101110000
000110000000000000000111100000
000011100000000000000111100000
000011100000000000001111100000
000011110000000000011110000000
000000111000000000011110000000
000000111001001011111000000000
000000111111111111110000000000
000000000111111100100000000000
000000000000000000000000000000
000000000000000000000000000000
000000000000000000000000000000
000000000000000000000000000000
000000000000000000000000000000
