000000000000000000000000000000
000000000000000000000000000000
000000000000000000000000000000
000000000000000000000000000000
000000000000000000000000000000
000000000000011111110010000000
000000000000111111111100000000
000000000111111111111111100000
000000000111010000000111110000
000000001111000000000011111000
000000011100000000000001110000
000000111000000000000000111000
000001110000000000000001111000
000001100000000000000000111000
000111110000000000000000100000
000011000000000000000000000000
000011000000000000000000000000
001111000000000000000000000000
000111000000000000000000000000
000111000000000000000000000000
001111000000000000000000000000
001111000000000000000000000000
001111000000000000000000000000
001111000000000000000000000000
000110000000000000000000100000
000111000000000000000000111000
000111100000000000000001111000
000011100000000000000011110000
000011110000000000000011110000
000011111100000000001111110000
000000111000000000001111000000
000000011111111111111111000000
000000000111111111111100000000
000000000001111111110000000000
000000000000000000000000000000
000000000000000000000000000000
000000000000000000000000000000
000000000000000000000000000000
000000000000000000000000000000
000000000000000000000000000000
