000000000000000000000000000000
000000000000000000000000000000
000000000000000000000000000000
000000000000000000000000000000
000000000000000000000000000000
000000000000000001000000000000
000000000000011111001000000000
000000000010111111111100000000
000000000111111111111111100000
000000001111000000001111110000
000000001110000000000011100000
000000111010000000000011110000
000001111000000000000001110000
000001110000000000000011111000
000001110000000000000001010000
000111100000000000000000000000
000111000000000000000000000000
000011000000000000000000000000
000111000000000000000000000000
001111000000000000000000000000
001111000000000000000000000000
000111000000000000000000000000
001110000000000000000000000000
001111000000000000000000000000
000111000000000000000000000000
000011000000000000000000111000
000111000000000000000001111000
000011100000000000000001111000
000011100000000000000001111000
000001110000000000000011110000
000011111100000000000111110000
000000011110000000000111100000
000000011110011001111111100000
000000000111111111111111000000
000000000011111111111010000000
000000000000000000000000000000
000000000000000000000000000000
000000000000000000000000000000
000000000000000000000000000000
000000000000000000000000000000
