000000000000000000000000000000
000000000000000000000000000000
000000000000000000000000000000
000000000000000000000000000000
000000000000000010000000000000
000000000000001011100000000000
000000000011111111111000000000
000000000011111111111111000000
000000000110000000001111100000
000000000110000000001111100000
000000011110000000000111100000
000000111100000000000011110000
000001111000000000000011110000
000001100000000000000001111000
000001100000000000000000111000
000001100000000000000000000000
000011100000000000000000000000
000011000000000000000000000000
000011000000000000000000000000
000111000000000000000000000000
000111100000000000000000000000
000111000000000000000000000000
000111000000000000000000000000
000111000000000000000000000000
000111000000000000000000100000
000111000000000000000001111000
000111000000000000000001110000
000011000000000000000011110000
000111100000000000000111100000
000111100000000000001111000000
000011110000000000011111000000
000011110000000000111111000000
000000111100000000111110000000
000000111110011111111100000000
000000001111111111100000000000
000000001111111100000000000000
000000000000000000000000000000
000000000000000000000000000000
000000000000000000000000000000
000000000000000000000000000000
