000000000000000000000000000000
000000000000000000000000000000
000000000000000000000000000000
000000000000000000000000000000
000000000000000000000000000000
000000000000111000000000000000
000000000001111111100000000000
000000001111111111111000000000
000000011111100001111100000000
000000111100000000111110000000
000000111000000000000111000000
000001110000000000000011100000
000001100000000000000011110000
000011100000000000000001111000
000111100000000000000000111000
000111100000000000000000111000
000111000000000000000000111000
000111000000000000000000111100
001111000000000000000000111100
000111000000000000000000011100
000110000000000000000000000000
000110000000000000000000000000
001111000000000000000000000000
000111000000000000000000000000
000111000000000000000000000000
000111000000000000000000000000
000011100000000000000000000000
000011110000000000000000000000
000001110000000000000010000000
000000111000000000000111100000
000000111100000000000111110000
000000011111100000001111100000
000000000111111111111111000000
000000000011111111111110000000
000000000000111111111100000000
000000000000000000000000000000
000000000000000000000000000000
000000000000000000000000000000
000000000000000000000000000000
000000000000000000000000000000
