000000000000000000000000000000
000000000000000000000000000000
000000000000000000000000000000
000000000000000000000000000000
000000000000001100000000000000
000000000001111111000000000000
000000001111111111100000000000
000000001111110111111100000000
000000111110000000111111000000
000000111100000000000111100000
000001110000000000000111110000
000001111000000000000011110000
000001100000000000000001110000
000001100000000000000001111000
000111000000000000000001111000
000011100000000000000001010000
000011100000000000000000000000
000111000000000000000000000000
000111000000000000000000000000
000011100000000000000000000000
000111000000000000000000000000
000011000000000000000000000000
000111000000000000000000000000
000111000000000000000000000000
000011000000000000000000000000
000001100000000000000000111000
000011000000000000000001111000
000001100000000000000011110000
000000110000000000000011110000
000001110000000000000111100000
000000111000000000000111000000
000000001100000000011111000000
000000001110110111111110000000
000000001111111111111110000000
000000000011111111110000000000
000000000000000000000000000000
000000000000000000000000000000
000000000000000000000000000000
000000000000000000000000000000
000000000000000000000000000000
