000000000000000000000000000000
000000000000000000000000000000
000000000000000000000000000000
000000000000000000000000000000
000000000000000000000000000000
000000000000100100000000000000
000000000001111111110000000000
000000000111111111111111000000
000000011111111010011111100000
000000111100000000001111100000
000000111100000000000011110000
000011111000000000000011110000
000011100000000000000001100000
000111000000000000000001000000
000111100000000000000000000000
000110000000000000000000000000
000110000000000000000000000000
001110000000000000000000000000
001111000000000000000000000000
001110000000000000000000000000
001110000000000000000000000000
001111000000000000000000000000
000111000000000000000000111000
001110000000000000000000111000
001110000000000000000001111000
000111000000000000000011111000
001111000000000000000011110000
000111000000000000000011100000
000011000000000000000011100000
000011110000000000001111000000
000001111000000000111110000000
000001111000000010111100000000
000000011111111111110000000000
000000000111111111000000000000
000000000000000000000000000000
000000000000000000000000000000
000000000000000000000000000000
000000000000000000000000000000
000000000000000000000000000000
000000000000000000000000000000
