000000000000000000000000000000
000000000000000000000000000000
000000000000000000000000000000
000000000001001000000000000000
000000000111011001000000000000
000000001111111111100000000000
000000001111111111110000000000
000000111101000011111000000000
000000111100000001001110000000
000011111000000000001110000000
000001110000000000001111000000
000001100000000000000111100000
000111000000000000000011100000
000111000000000000000011100000
000011100000000000000011110000
000111000000000000000011110000
000111000000000000000000110000
000111000000000000000000000000
000111000000000000000000000000
000111000000000000000000000000
000011000000000000000000000000
000110000000000000000000000000
000111000000000000000000000000
000011000000000000000000000000
000011000000000000000000000000
000011000000000000000000000000
000001100000000000000010110000
000001100000000000000011110000
000001110000000000000111100000
000000111000000000000111100000
000000111100000000001111000000
000000011100000000001111000000
000000011111100001111110000000
000000000011111111111110000000
000000000011111111111100000000
000000000000111111100000000000
000000000000000000000000000000
000000000000000000000000000000
000000000000000000000000000000
000000000000000000000000000000
