000000000000000000000000000000
000000000000000000000000000000
000000000000000000000000000000
000000000000000000000000000000
000000000000000000000000000000
000000000000000001001100000000
000000000000110111111111000000
000001011111111111111111000000
000011111111111111111111100000
000011111111010000000000000000
000001111100000000000000000000
000011110000000000000000000000
000011110000000000000000000000
000001110000000000000000000000
000001110000000000000000000000
000011110000000000000000000000
000011110000000000000000000000
000001110000000000000000000000
000011110000000100110011000000
000011110011011111111111000000
000011111111111111111111000000
000001111111111111101111000000
000011111100000000000000000000
000011110000000000000000000000
000011110000000000000000000000
000001110000000000000000000000
000011110000000000000000000000
000011110000000000000000000000
000001110000000000000000000000
000001110000000000000000000000
000011111000000000000000000000
000011110010010001000000000000
000001111111111111111100110000
000001111111111111111111100000
000011111111111111111111100000
000000000000000000000000000000
000000000000000000000000000000
000000000000000000000000000000
000000000000000000000000000000
000000000000000000000000000000
