000000000000000000000000000000
000000000000000000000000000000
000000000000000000000000000000
000000010000000000000000000000
000000011100000000000000000000
000000011111010000000000000000
000000011111111100000000000000
000000011111111111010000000000
000000011100101111111100000000
000000111100000011111111000000
000000111100000001100111110000
000000111100000000000011110000
000000011100000000000000000000
000000111100000000000000000000
000000111000000000000000000000
000000111000000000000000000000
000001111000000000000000000000
000000111111000000000000000000
000000111111101100000000000000
000000111011111110000000000000
000001111001111111101000000000
000001110000010111111110000000
000001110000000000111111110000
000001111000000000010011110000
000001111000000000000001110000
000001111000000000000000000000
000001110000000000000000000000
000011110000000000000000000000
000011110000000000000000000000
000001111110000000000000000000
000001111111100000000000000000
000000011111111100000000000000
000000000011111111000000000000
000000000000011111111110000000
000000000000000001111111100000
000000000000000000011111110000
000000000000000000000000000000
000000000000000000000000000000
000000000000000000000000000000
000000000000000000000000000000
