000000000000000000000000000000
000000000000000000000000000000
000000000000000000000000000000
000000000000000000000000000000
000001000000000000000000000000
000011111100000000000000000000
000011111111110010000000000000
000001111111111111001000000000
000001111001111111111100100000
000001110000101111111111100000
000011110000000000011111100000
000001110000000000000001100000
000001110000000000000000000000
000011110000000000000000000000
000011111000000000000000000000
000001110000000000000000000000
000001110000000000000000000000
000011111000000000000000000000
000011111111101000000000000000
000001111111111110100000000000
000011110101111111110011000000
000011110000000011111111100000
000011110000000001011111100000
000001110000000000000101100000
000011110000000000000000000000
000011100000000000000000000000
000011110000000000000000000000
000001110000000000000000000000
000011110000000000000000000000
000011110001000000000000000000
000001111111100000000000000000
000001111111111010000000000000
000000010111111111111001000000
000000000000001111111111100000
000000000000000000111111110000
000000000000000000000000000000
000000000000000000000000000000
000000000000000000000000000000
000000000000000000000000000000
000000000000000000000000000000
