000000000000000000000000000000
000000000000000000000000000000
000000000000000000000000000000
000000000000000000000000000000
000000000000111101111100000000
000000011111111111111111000000
000000011111111111111111000000
000000111111100001000111000000
000000011100000000000000000000
000000011100000000000000000000
000000011100000000000000000000
000000111000000000000000000000
000000111000000000000000000000
000000111000000000000000000000
000000011100000000000000000000
000000111000000000000000000000
000000111000000000000000000000
000000111000001000011100000000
000000111111111111111111100000
000001111111111111111111100000
000000111111111111110111100000
000000111000000000000000000000
000000111000000000000000000000
000001110000000000000000000000
000001110000000000000000000000
000001111000000000000000000000
000000111000000000000000000000
000001111000000000000000000000
000001110000000000000000000000
000001110000000000000000000000
000001110000000000000110000000
000001111001000111111111100000
000001111111111111111111100000
000001111111111111111111000000
000001111111111000000000000000
000000000000000000000000000000
000000000000000000000000000000
000000000000000000000000000000
000000000000000000000000000000
000000000000000000000000000000
