000000000000000000000000000000
000000000000000000000000000000
000000000000000000000000000000
000000000000000000000000000000
000000000000000000011110000000
000000000000000111111110000000
000000001000111111111110000000
000001111111111111100000000000
000001111111111100000000000000
000001111111000000000000000000
000001110000000000000000000000
000001110000000000000000000000
000001111000000000000000000000
000001111000000000000000000000
000001110000000000000000000000
000001110000000000000000000000
000001111000000000000000000000
000001111000000000000110000000
000001110000000001111111000000
000001110000011111111111000000
000000111011111111111100000000
000001111111111111001000000000
000001111111110001000000000000
000001111100000000000000000000
000000111000000000000000000000
000001111000000000000000000000
000001110000000000000000000000
000001110000000000000000000000
000000111000000000000000000000
000001111000000000000000000000
000001110000000000000000000000
000001110000000000000001100000
000000111000000100011111000000
000001111001111111111111100000
000001111111111111111110000000
000001111111111111100000000000
000000000000000000000000000000
000000000000000000000000000000
000000000000000000000000000000
000000000000000000000000000000
