000000000000000000000000000000
000000000000000000000000000000
000000000000000000000000000000
000000010000000000000000000000
000000001110000000000000000000
000000011111011000000000000000
000000011111111100000000000000
000000011111111111010000000000
000000011100101111111100000000
000000111100000001111111110000
000000011110000000100111110000
000000011100000000000011110000
000000011100000000000000000000
000000111100000000000000000000
000000111000000000000000000000
000000111000000000000000000000
000000111100000000000000000000
000000111111000000000000000000
000000111111111100000000000000
000000111111111110000000000000
000001111001111111111100000000
000001111000001011111111000000
000000111000000000111111110000
000001111000000000000011110000
000001111000000000000001110000
000001111000000000000000000000
000001110000000000000000000000
000011111000000000000000000000
000001111000000000000000000000
000001111110000000000000000000
000001111111100000000000000000
000000111111111110000000000000
000000001111111111110000000000
000000000000001111111110000000
000000000000000100111111100000
000000000000000000011111110000
000000000000000000000000000000
000000000000000000000000000000
000000000000000000000000000000
000000000000000000000000000000
