000000000000000000000000000000
000000000000000000000000000000
000000000000000000000000000000
000000000000000000000000000000
000001000000000000000000000000
000001000000000000000000000000
000010111000000000000000000000
000010111111010000000000000000
000000011111111111110010010000
000000111111111111111111110000
000000111000001111111111100000
000000111100000001001111000000
000000111100000000000000000000
000000111000000000000000000000
000000111000000000000000000000
000001111000000000000000000000
000000111000000000000000000000
000000111000000000000000000000
000001110000000000000000000000
000000111000000000000000000000
000000111001000000000000000000
000001111111111111111011000000
000001111111111111111111000000
000000111111111111111111100000
000001110001001001100000000000
000001110000000000000000000000
000011110000000000000000000000
000001110000000000000000000000
000001110000000000000000000000
000011110000000000000000000000
000011100000000000000000000000
000011100000000000000000000000
000011110000000000000000000000
000011101100000000000101000000
000011111111111111011111100000
000011111111111111111111100000
000000000000000000000000000000
000000000000000000000000000000
000000000000000000000000000000
000000000000000000000000000000
