000000000000000000000000000000
000000000000000000000000000000
000000000000000000000000000000
000000000000000000000000000000
000000000000000000000000000000
000000000000000000001000000000
000000000000100111111111000000
000000011111111111111111000000
000011111111111111111111100000
000011111111010000000000000000
000011111100000000000000000000
000011110000000000000000000000
000011110000000000000000000000
000001110000000000000000000000
000011110000000000000000000000
000011110000000000000000000000
000011110000000000000000000000
000011110000000000000000000000
000011110000000100100010000000
000011110011111111111111000000
000011111111111111111111000000
000001111111111111111111000000
000011111101000100000000000000
000011110000000000000000000000
000011110000000000000000000000
000001110000000000000000000000
000011100000000000000000000000
000011110000000000000000000000
000001110000000000000000000000
000001110000000000000000000000
000011110000000000000000000000
000011110000010011000000000000
000001111111111111111001100000
000011111111111111111111100000
000011111111111111111111100000
000000000000000000000000000000
000000000000000000000000000000
000000000000000000000000000000
000000000000000000000000000000
000000000000000000000000000000
