000000000000000000000000000000
000000000000000000000000000000
000000000000000000000000000000
000000000000000000000000000000
000011000000000000000000000000
000011111110100000000000000000
000011111111111010000000000000
000011111111111111101000000000
000011100000111111111110100000
000011110000000111111111000000
000011110000000000011111100000
000011100000000000000000100000
000011100000000000000000000000
000011110000000000000000000000
000011100000000000000000000000
000011100000000000000000000000
000111110000000000000000000000
000011111110000000000000000000
000011111111101000000000000000
000011111111111111100000000000
000111110000111111111110000000
000011100000010011111111000000
000011100000000001011111100000
000011100000000000000000000000
000111110000000000000000000000
000011100000000000000000000000
000011100000000000000000000000
000111100000000000000000000000
000111110000000000000000000000
000011111000000000000000000000
000011111110100000000000000000
000001111111111111010000000000
000000010011111111111101000000
000000000000001111111111110000
000000000000000000010111110000
000000000000000000000000000000
000000000000000000000000000000
000000000000000000000000000000
000000000000000000000000000000
000000000000000000000000000000
