000000000000000000000000000000
000000000000000000000000000000
000000000000000000000000000000
000000000000000000000000000000
000000000011110111111111100000
000000111111111111111111100000
000000011111111011111111100000
000000111100010000001000100000
000000111000000000000000000000
000000111000000000000000000000
000000111000000000000000000000
000001111100000000000000000000
000000111000000000000000000000
000000111000000000000000000000
000000111000000000000000000000
000001111000000000000000000000
000001110000000000000000000000
000000111001011011111111000000
000000111111111111111111000000
000001111111111111111111000000
000001111110111110001100000000
000001110110000000000000000000
000001110000000000000000000000
000001111000000000000000000000
000001110000000000000000000000
000001110000000000000000000000
000001110000000000000000000000
000001110000000000000000000000
000011100000000000000000000000
000001110000000000000000000000
000001110000000000100001000000
000001110000111111111111000000
000011111111111111111111000000
000011111111111111000111000000
000011111111000000000000000000
000000000000000000000000000000
000000000000000000000000000000
000000000000000000000000000000
000000000000000000000000000000
000000000000000000000000000000
