000000000000000000000000000000
000000000000000000000000000000
000000000000000000000000000000
000001110111000000000000000000
000001111111111011000000000000
000000111111111111111110000000
000001111101111111111111000000
000001110000000111011111000000
000001111000000000011011000000
000000111000000000000000000000
000001110000000000000000000000
000001110000000000000000000000
000001111000000000000000000000
000000111000000000000000000000
000001110000000000000000000000
000001110000000000000000000000
000000111000000000000000000000
000000111111110000000000000000
000001111111111110000000000000
000001111111111111111000000000
000001111000011111111110000000
000000111000000001111111000000
000001110000000000000111000000
000001111000000000000000000000
000001111000000000000000000000
000000111000000000000000000000
000001110000000000000000000000
000001110000000000000000000000
000001111000000000000000000000
000001111000000000000000000000
000001111110000000000000000000
000001111111111100000000000000
000001111111111111100000000000
000000001111111111111110000000
000000000000110111111111100000
000000000000000010011111100000
000000000000000000001001000000
000000000000000000000000000000
000000000000000000000000000000
000000000000000000000000000000
