000000000000000000000000000000
000000000000000000000000000000
000000000000000000000000000000
000000000000000000000000000000
000000000010011011000100000000
000001101111111111111111000000
000011111111111111111111000000
000001111111101111111111000000
000001111000000000000000000000
000001111000000000000000000000
000011111000000000000000000000
000001110000000000000000000000
000001110000000000000000000000
000001111000000000000000000000
000001111000000000000000000000
000001110000000000000000000000
000001110000000000000000000000
000001111001100110000000000000
000001111111111111110011000000
000001111111111111111111000000
000001111111111111111111000000
000001111000000000001110000000
000011110000000000000000000000
000001110000000000000000000000
000001110000000000000000000000
000001111000000000000000000000
000001110000000000000000000000
000001110000000000000000000000
000001110000000000000000000000
000011111000000000000000000000
000001110110001000000000000000
000001111111111111100000000000
000001111111111111111100000000
000001111111111111111111100000
000000000000001000111111100000
000000000000000000000000000000
000000000000000000000000000000
000000000000000000000000000000
000000000000000000000000000000
000000000000000000000000000000
