000000000000000000000000000000
000000000000000000000000000000
000000000000000000000000000000
000000000000000000000000000000
000000000000000000000000000000
000000000000000000000000000000
000000111111010000000010110000
000000111111111111111111110000
000000111111111111111111110000
000000111101101101101100000000
000000111000000000000000000000
000001111100000000000000000000
000000111000000000000000000000
000000111000000000000000000000
000001110000000000000000000000
000001111000000000000000000000
000000111000000000000000000000
000001110000000000000000000000
000001111000000000000001000000
000000111001001111111111100000
000001111111111111111111100000
000001111111111111110101000000
000011111100000000000000000000
000001110000000000000000000000
000001110000000000000000000000
000011110000000000000000000000
000011110000000000000000000000
000001110000000000000000000000
000011110000000000000000000000
000011100000000000000000000000
000011110000000000000100110000
000011110000000101111111110000
000011111111111111111111100000
000011111111111111111110100000
000000000000000000000000000000
000000000000000000000000000000
000000000000000000000000000000
000000000000000000000000000000
000000000000000000000000000000
000000000000000000000000000000
