000000000000000000000000000000
000000000000000000000000000000
000000000000000000000000000000
000000000000000000000000000000
000000000000000000000000000000
000000011110011111111110100000
000000001111111111111111100000
000000011111111111111111100000
000000011111100001100111100000
000000011100000000000000000000
000000011100000000000000000000
000000011100000000000000000000
000000011100000000000000000000
000000011100000000000000000000
000000011100000000000000000000
000000011100000000000000000000
000000111000000000000000000000
000000111000000000000000000000
000000011100001111101111000000
000000011111111111111111100000
000000111111111111111111100000
000000111111110001110111100000
000000111000000000000000000000
000000111100000000000000000000
000000111000000000000000000000
000000111000000000000000000000
000000111000000000000000000000
000000111000000000000000000000
000001111000000000000000000000
000001111000000000000000000000
000000111000000000000000000000
000000111000000100000110000000
000001111011111111111111100000
000001111111111111111111100000
000001111111111111111011100000
000000000000000000000000000000
000000000000000000000000000000
000000000000000000000000000000
000000000000000000000000000000
000000000000000000000000000000
