000000000000000000000000000000
000001000000000000000000000000
000001000000000000000000000000
000010111111100000000000000000
000010011111111000000000000000
000000011111111111000000000000
000000111111111111111000000000
000000111000010111111111000000
000000111100000000111111100000
000000111000000000001111000000
000000111000000000000101000000
000000111000000000000000000000
000000111000000000000000000000
000000111000000000000000000000
000000111000000000000000000000
000001110000000000000000000000
000000111000000000000000000000
000000111101000000000000000000
000001111111100100000000000000
000001111111111100100000000000
000001111011111111000000000000
000001110000111111111100000000
000001110000000111111110000000
000011110000000000111111000000
000001110000000000000110000000
000001110000000000000000000000
000011110000000000000000000000
000011100000000000000000000000
000001110000000000000000000000
000011110000000000000000000000
000011110000000000000000000000
000011111110000000000000000000
000011111111100000000000000000
000010011111111100000000000000
000000000011111111100000000000
000000000000111111111100000000
000000000000000111111110000000
000000000000000000111110000000
000000000000000000000000000000
000000000000000000000000000000
