000000000000000000000000000000
000000000000000000000000000000
000000000000000000000000000000
000000000000000000000000000000
000000000000000000000001000000
000000000000000001001111000000
000000000000110111111110000000
000111011111111111111110000000
000111111111111111100000000000
000011111111010000000000000000
000011110000000000000000000000
000111100000000000000000000000
000111100000000000000000000000
000011100000000000000000000000
000011100000000000000000000000
000111110000000000000000000000
000111100000000000000001000000
000011100000000000110011000000
000011100000001101111111000000
000111110011011111111110000000
000011111111111111100000000000
000011111111110000000000000000
000011111100000000000000000000
000111100000000000000000000000
000011100000000000000000000000
000011100000000000000000000000
000011100000000000000000000000
000111100000000000000000000000
000011100000000000000000010000
000011100000000000001111110000
000011100000000011111111100000
000111100000010111111111000000
000011111111111111110000000000
000011111111111100000000000000
000011111111000000000000000000
000000000000000000000000000000
000000000000000000000000000000
000000000000000000000000000000
000000000000000000000000000000
000000000000000000000000000000
