000000000000000000000000000000
000000000000000000000000000000
000000000000000000000000000000
000000000000000000000000000000
000000000000000000000000000000
000000000000000000000000000000
000000000001100000000000000000
000000000011111000000000000000
000000000011111110000000000000
000000000011111111100000000000
000000000111100111111100000000
000000000111100001111110000000
000000000111100000011111100000
000000000111000000000111100000
000000001111000000000000100000
000000001111000000000000000000
000000001110000000000000000000
000000011110000000000000000000
000000011110000000000000000000
000000011111100000000000000000
000000011111110000000000000000
000000111111111110000000000000
000000111100111111000000000000
000000111000001111111000000000
000001111000000111111100000000
000001111000000000111111100000
000001111000000000001111100000
000001110000000000000011100000
000011110000000000000000000000
000011110000000000000000000000
000011110000000000000000000000
000011111100000000000000000000
000000111110000000000000000000
000000011111100000000000000000
000000000111111000000000000000
000000000001111110000000000000
000000000000011111100000000000
000000000000000111111100000000
000000000000000001111110000000
000000000000000000000000000000
