000000000000000000000000000000
000000000000000000000000000000
000000000000000000000000000000
000000100000000000000000000000
000000111111000000000000000000
000000111111110000000000000000
000000111111111111000000000000
000000111100111111100100000000
000001111000011111111111100000
000001111000000000111111110000
000000111100000000001011110000
000001111000000000000000010000
000001111000000000000000000000
000001111000000000000000000000
000001110000000000000000000000
000001110000000000000000000000
000001111010000000000000000000
000001111111100000000000000000
000001111111111000000000000000
000011110111111101100000000000
000011110000011111111011000000
000011110000000111111111100000
000001110000000000011111100000
000011110000000000000111100000
000011100000000000000000000000
000011100000000000000000000000
000111100000000000000000000000
000111110000000000000000000000
000011110000000000000000000000
000011111110000000000000000000
000011111111110000000000000000
000000001111111100000000000000
000000000011011111110000000000
000000000000001111111111000000
000000000000000001111111100000
000000000000000000001111000000
000000000000000000000000000000
000000000000000000000000000000
000000000000000000000000000000
000000000000000000000000000000
