000000000000000000000000000000
000000000000000000000000000000
000000000000000000000000000000
000000000000000000000000000000
000000000000000000000000000000
000000000000000101111111000000
000000010111111111111111000000
000001111111111111111111000000
000011111111110010001000000000
000011111100000000000000000000
000011110000000000000000000000
000011110000000000000000000000
000011110000000000000000000000
000001110000000000000000000000
000011100000000000000000000000
000011110000000000000000000000
000011110000000000000000000000
000011110000000000100000000000
000011110010111111111111000000
000011111111111111111111000000
000001111111111111111111000000
000011111111001100100010000000
000011110000000000000000000000
000011110000000000000000000000
000001110000000000000000000000
000011110000000000000000000000
000011110000000000000000000000
000001110000000000000000000000
000001110000000000000000000000
000011111000000000000000000000
000011110000000000000000000000
000001111011111111111001000000
000001111111111111111111100000
000011111111111111111111100000
000000000000000000000000000000
000000000000000000000000000000
000000000000000000000000000000
000000000000000000000000000000
000000000000000000000000000000
000000000000000000000000000000
