000000000000000000000000000000
000000000000000000000000000000
000000000000000000000000000000
000000100100000000000000000000
000000111111000000000000000000
000000111111110100000000000000
000000111111111111000000000000
000000111100111111110100000000
000001111000011111111111100000
000001111000000000111111110000
000000111000000000000011110000
000001111000000000000000010000
000001111000000000000000000000
000001111000000000000000000000
000001110000000000000000000000
000001110000000000000000000000
000001111111000000000000000000
000001111111100000000000000000
000001111111111010000000000000
000011110111111111100000000000
000011110000011111111111000000
000011110000000010111111100000
000001110000000000001111100000
000011110000000000000110100000
000011100000000000000000000000
000011100000000000000000000000
000111100000000000000000000000
000111110000000000000000000000
000011111000000000000000000000
000111111110000000000000000000
000001111111111000000000000000
000000000111111100000000000000
000000000011001111111000000000
000000000000000111111111100000
000000000000000001111111100000
000000000000000000000111000000
000000000000000000000000000000
000000000000000000000000000000
000000000000000000000000000000
000000000000000000000000000000
