000000000000000000000000000000
000000000000000000000000000000
000000000000000000000000000000
000000000000000000000000000000
000000000000000000000000000000
000000000000000000001101000000
000000000000010011111111000000
000000001111111111111111000000
000011111111111111111111100000
000011111111111000000000000000
000011111100000000000000000000
000011100000000000000000000000
000011110000000000000000000000
000011110000000000000000000000
000011100000000000000000000000
000011110000000000000000000000
000011110000000000000000000000
000001110000000000000000000000
000011100000000000010011000000
000011110011011111111111000000
000011111111111111111110000000
000001111111111111111111000000
000011111110100100000000000000
000011110000000000000000000000
000011110000000000000000000000
000001110000000000000000000000
000011100000000000000000000000
000011110000000000000000000000
000001110000000000000000000000
000001110000000000000000000000
000011100000000000000000000000
000011110000010011000100000000
000001111101111111111111100000
000011111111111111111111100000
000011111111111111111111100000
000000000000000000000000000000
000000000000000000000000000000
000000000000000000000000000000
000000000000000000000000000000
000000000000000000000000000000
