000000000000000000000000000000
000000000000000000000000000000
000000000000000000000000000000
000000000000000110011110000000
000000000001111111111110000000
000000001111111111111110000000
000001111111111111100000000000
000001111111100100000000000000
000001111000000000000000000000
000001110000000000000000000000
000001110000000000000000000000
000001111000000000000000000000
000001111000000000000000000000
000001110000000000000000000000
000001110000000000000000000000
000001111000000000000000000000
000001111000000000000100000000
000001110000010001111111000000
000001110100011111111111000000
000001111011111111111000000000
000000111111111110000000000000
000001111111110000000000000000
000001111100000000000000000000
000000111000000000000000000000
000000111000000000000000000000
000001110000000000000000000000
000001110000000000000000000000
000000111000000000000000000000
000000111000000000000000000000
000001110000000000000011000000
000001110000000000011111100000
000000111000000111111111000000
000000111001111111111111000000
000001111111111111110010000000
000001111111111000000000000000
000000111111000000000000000000
000000000000000000000000000000
000000000000000000000000000000
000000000000000000000000000000
000000000000000000000000000000
