000000000000000000000000000000
000000000000000000000000000000
000000000000000000000000000000
000000000000000000000000000000
000000000000000000000000000000
000001000000000000000000000000
000001101110110011001101000000
000000111111111111111111000000
000001111111111111111111100000
000001111011101110100000000000
000001110000000000000000000000
000001111000000000000000000000
000001110000000000000000000000
000001110000000000000000000000
000001110000000000000000000000
000001111000000000000000000000
000001110000000000000000000000
000001110000000000000000000000
000001111000000000000011000000
000001111001100110110111000000
000001111111111111111111100000
000001111111111111111100100000
000001111111111010000000000000
000011110000000000000000000000
000001110000000000000000000000
000001110000000000000000000000
000001110000000000000000000000
000011110000000000000000000000
000001110000000000000000000000
000001110000000000000000000000
000001110000000000000000010000
000001110000000000100111110000
000001110110011011111111110000
000001111111111111111111000000
000011111111111111110000000000
000000000000000000000000000000
000000000000000000000000000000
000000000000000000000000000000
000000000000000000000000000000
000000000000000000000000000000
