000000000000000000000000000000
000000000000000000000000000000
000000000000000000000000000000
000000000000000000000000000000
000000000000000000000000100000
000000000000000000000111100000
000000000000000000111111100000
000000000000111011111110000000
000000001111111111111000000000
000001111111111111000000000000
000001111111110100000000000000
000000111100000000000000000000
000000111000000000000000000000
000000111100000000000000000000
000000111100000000000000000000
000000011100000000000000000000
000000011100000000000000000000
000000111100000000000001000000
000000111100000000001111100000
000000011100000000111111100000
000000011110010011111110000000
000000011111111111111000000000
000000001111111111100000000000
000000001111111100000000000000
000000001111000000000000000000
000000001111000000000000000000
000000000111000000000000000000
000000000111000000000000000000
000000001111000000000000000000
000000001111000000000000000000
000000000111000000000000000000
000000000111000000000000000000
000000000111100000000000000000
000000000111100000000000000000
000000000011100000000000000000
000000000011110000000000000000
000000000000000000000000000000
000000000000000000000000000000
000000000000000000000000000000
000000000000000000000000000000
