000000000000000000000000000000
000000000000000000000000000000
000000000000000000000000000000
000000000000000000000000000000
000000000000000000001001000000
000000000000000011111111000000
000001111100111111111111000000
000001111111111111111110000000
000000111111111111000000000000
000000111111110000000000000000
000000111100000000000000000000
000000111100000000000000000000
000000011100000000000000000000
000000011100000000000000000000
000000011100000000000000000000
000000111100000000000000000000
000000011100000000000000000000
000000011100000000001001000000
000000011100000001111111100000
000000011110011111111111100000
000000001111111111111110000000
000000001111111111001000000000
000000001111111000000000000000
000000001111000000000000000000
000000000111000000000000000000
000000000111000000000000000000
000000000111000000000000000000
000000000111000000000000000000
000000000111000000000000000000
000000000111000000000000000000
000000000111000000000000000000
000000000111100000000000000000
000000000011100000000000000000
000000000011100000000000000000
000000000011110000000000000000
000000000000000000000000000000
000000000000000000000000000000
000000000000000000000000000000
000000000000000000000000000000
000000000000000000000000000000
