000000000000000000000000000000
000000000000000000000000000000
000000000000000000000000000000
000000000000000000000010000000
000000000000000000001111000000
000000000000000001111111000000
000000000000001111111110000000
000000001101111111110000000000
000000111111111110000000000000
000000111111111000000000000000
000000111111000000000000000000
000000111000000000000000000000
000000111100000000000000000000
000000011100000000000000000000
000000011100000000000000000000
000000011100000000000000000000
000000011100000000000000000000
000000011100000000000010000000
000000011100000000011111000000
000000011100000011111111000000
000000011100001111111110000000
000000001111111111110000000000
000000011111111110000000000000
000000011111110000000000000000
000000001110000000000000000000
000000001110000000000000000000
000000011111000000000000000000
000000001110000000000000000000
000000001110000000000000000000
000000001111000000000000000000
000000001111000000000000000000
000000001110000000000000000000
000000001111000000000000000000
000000000111000000000000000000
000000001110000000000000000000
000000001111000000000000000000
000000000111000000000000000000
000000000000000000000000000000
000000000000000000000000000000
000000000000000000000000000000
