000000000000000000000000000000
000000000000000000000000000000
000000000000000000000000000000
000000000000000000000000010000
000000000000000000000001110000
000000000000000000011111110000
000000000000000011111111000000
000000000100011111110110000000
000000111111111111100000000000
000000111111111100000000000000
000011011111100000000000000000
000000011110000000000000000000
000000011100000000000000000000
000000011110000000000000000000
000000001110000000000000000000
000000001110000000000000000000
000000001110000000000000010000
000000011110000000001011110000
000000001110000000111111110000
000000001110000011111111000000
000000001111011111110110000000
000000000111111111100000000000
000000000111111100000000000000
000000000111100000000000000000
000000000111100000000000000000
000000000111100000000000000000
000000000011100000000000000000
000000000011100000000000000000
000000000111100000000000000000
000000000111100000000000000000
000000000011100000000000000000
000000000011110000000000000000
000000000011110000000000000000
000000000001110000000000000000
000000000001110000000000000000
000000000001111000000000000000
000000000000000000000000000000
000000000000000000000000000000
000000000000000000000000000000
000000000000000000000000000000
