000000000000000000000000000000
000000000000000000000000000000
000000000000000000000000000000
000000000000000000000000000000
000000000000000000000000000000
000000000000000000000000000000
000001000000000000000000000000
000001111100000000000000000000
000001111111110000000000000000
000001111111111111001100000000
000001110011011111111110100000
000001111000000111111111100000
000001111000000000011111100000
000001111000000000000000000000
000001110000000000000000000000
000001111000000000000000000000
000001111000000000000000000000
000001110000000000000000000000
000001110000000000000000000000
000001111010000000000000000000
000001111111001000000000000000
000001111111111100100000000000
000001111101111111111010000000
000001111000010111111110000000
000001110000000001111111000000
000001110000000000000000000000
000011111000000000000000000000
000001111000000000000000000000
000001110000000000000000000000
000001110000000000000000000000
000011111000000000000000000000
000001110000000000000000000000
000001110000000000000000000000
000000000000000000000000000000
000000000000000000000000000000
000000000000000000000000000000
000000000000000000000000000000
000000000000000000000000000000
000000000000000000000000000000
000000000000000000000000000000
