000000000000000000000000000000
000000000000000000000000000000
000000000000000000000000000000
000000000000000000000000000000
000000000000000011110000000000
000000000100111111110000000000
000000111111111111110000000000
000000111111111110000000000000
000000111111100000000000000000
000000111000000000000000000000
000000111000000000000000000000
000000111000000000000000000000
000000111000000000000000000000
000000111000000000000000000000
000000111000000000000000000000
000000111100000000000000000000
000000111100000000000000000000
000000111000000000111100000000
000000111000001111111110000000
000000111111111111111100000000
000000111111111111100100000000
000000111111111000000000000000
000000111110000000000000000000
000000111100000000000000000000
000000111100000000000000000000
000000111000000000000000000000
000000111000000000000000000000
000000011100000000000000000000
000000111100000000000000000000
000000111000000000000000000000
000000111000000000000000000000
000000011100000000000000000000
000000111000000000000000000000
000000111000000000000000000000
000000111000000000000000000000
000000000000000000000000000000
000000000000000000000000000000
000000000000000000000000000000
000000000000000000000000000000
000000000000000000000000000000
