000000000000000000000000000000
000000000000000000000000000000
000000000000000000000000000000
000000000000000000000000000000
000000000000000000001111000000
000000000000000001111111000000
000000000000110111111111100000
000000000011111111111100000000
000000001111111111000000000000
000000111111101000000000000000
000001111110000000000000000000
000001111100000000000000000000
000001111000000000000000000000
000001111000000000000000000000
000001111000000000000000000000
000000111000000000000000000000
000000111100000000000000000000
000000111100000000001111000000
000000111100000001111111100000
000000011110010111111111100000
000000011111111111111100000000
000000011111111111100000000000
000000001111101000000000000000
000000011110000000000000000000
000000011110000000000000000000
000000011110000000000000000000
000000001110000000000000000000
000000001111000000000000000000
000000001111000000000000000000
000000000111000000000000000000
000000000111100000000000000000
000000000111100000000000000000
000000000111100000000000000000
000000000011100000000000000000
000000000011100000000000000000
000000000000000000000000000000
000000000000000000000000000000
000000000000000000000000000000
000000000000000000000000000000
000000000000000000000000000000
