000000000000000000000000000000
000000000000000000000000000000
000000000000000000000000000000
000000000000000000000000000000
000000000000000000000000000000
000000000000000000000000000000
000000111100000000000000000000
000001111111110000000000000000
000001111111111111100000000000
000001111001011111111000000000
000000111000000111111000000000
000001111000000000111000000000
000001111000000000000000000000
000001111000000000000000000000
000001111000000000000000000000
000001111000000000000000000000
000001111000000000000000000000
000001111000000000000000000000
000000111000000000000000000000
000001111111001000000000000000
000001111111111110100000000000
000000111111111111111010000000
000000111000011111111110000000
000001111000000001111111000000
000001110000000000000001000000
000000111000000000000000000000
000001111000000000000000000000
000001110000000000000000000000
000001110000000000000000000000
000000111000000000000000000000
000001111000000000000000000000
000001110000000000000000000000
000001110000000000000000000000
000000000000000000000000000000
000000000000000000000000000000
000000000000000000000000000000
000000000000000000000000000000
000000000000000000000000000000
000000000000000000000000000000
000000000000000000000000000000
