000000000000000000000000000000
000000000000000000000000000000
000000000000000000000000000000
000000000000000000000000000000
000000000000000000000000000000
000000000000000000000000000000
000001111100000000000000000000
000001111110110000000000000000
000001111111111011001000000000
000001110111111111111110100000
000001111000001111111111100000
000001111000000000111111100000
000001111000000000000000000000
000001110000000000000000000000
000001111000000000000000000000
000001111000000000000000000000
000001111000000000000000000000
000001110000000000000000000000
000001111000000000000000000000
000001111111000000000000000000
000001111111111100100000000000
000001111111111111110010000000
000001111000011111111110000000
000001110000000011111111000000
000001110000000000000101000000
000011111000000000000000000000
000001111000000000000000000000
000001110000000000000000000000
000001110000000000000000000000
000011111000000000000000000000
000001110000000000000000000000
000001110000000000000000000000
000001110000000000000000000000
000000000000000000000000000000
000000000000000000000000000000
000000000000000000000000000000
000000000000000000000000000000
000000000000000000000000000000
000000000000000000000000000000
000000000000000000000000000000
