000000000000000000000000000000
000000000000000000000000000000
000000000000000000000000000000
000000000000000000001111000000
000000000000000000111111000000
000000000000000111111111000000
000000000100111111111000000000
000000111111111111000000000000
000000111111111000000000000000
000000011111100000000000000000
000000111100000000000000000000
000000111000000000000000000000
000000011100000000000000000000
000000011100000000000000000000
000000111000000000000000000000
000000011100000000000000000000
000000011100000000000000000000
000000011110000000001110000000
000000011100000001111111000000
000000011100001111111110000000
000000011110111111110010000000
000000011111111111010000000000
000000011111111000000000000000
000000011111000000000000000000
000000001110000000000000000000
000000011110000000000000000000
000000011110000000000000000000
000000001110000000000000000000
000000001110000000000000000000
000000011111000000000000000000
000000001110000000000000000000
000000001110000000000000000000
000000000111000000000000000000
000000001110000000000000000000
000000001110000000000000000000
000000000111000000000000000000
000000000111000000000000000000
000000000000000000000000000000
000000000000000000000000000000
000000000000000000000000000000
