000000000000000000000000000000
000000000000000000000000000000
000000000000000000000000000000
000000000000000000000000000000
000000000000000000000000000000
000000000000000000000000000000
000001101000000000000000000000
000001111110110000000000000000
000001111111111010000000000000
000001111111111111101000000000
000001110001111111111110100000
000001111000000011111111100000
000001111000000000001111100000
000001110000000000000000000000
000001110000000000000000000000
000011111000000000000000000000
000001111000000000000000000000
000001110000000000000000000000
000001110000000000000000000000
000011111111000000000000000000
000001111111111000000000000000
000001111111111110110000000000
000011110100011111111110000000
000001111000000011111110000000
000001110000000000001110000000
000001110000000000000000000000
000011110000000000000000000000
000001110000000000000000000000
000001110000000000000000000000
000011110000000000000000000000
000011110000000000000000000000
000001110000000000000000000000
000001110000000000000000000000
000001110000000000000000000000
000000000000000000000000000000
000000000000000000000000000000
000000000000000000000000000000
000000000000000000000000000000
000000000000000000000000000000
000000000000000000000000000000
