000000000000000000000000000000
000000000000000000000000000000
000000000000000000000000000000
000000000000000000000000000000
000000000000000000000000000000
000001111000000000000000000000
000001111111111111110000000000
000000111111111111111111000000
000001111111111111111111000000
000001111000000000001110000000
000001111000000000000000000000
000000111000000000000000000000
000000111000000000000000000000
000000111000000000000000000000
000000111100000000000000000000
000000011100000000000000000000
000000011100000000000000000000
000000011100000000000000000000
000000011110000000000000000000
000000001111111111110000000000
000000011111111111111110000000
000000011111111111111111000000
000000011110000001001111000000
000000001110000000001000000000
000000001110000000000000000000
000000001110000000000000000000
000000001111000000000000000000
000000000111000000000000000000
000000000111000000000000000000
000000000111000000000000000000
000000000111100000000000000000
000000000111000000000000000000
000000000111000000000000000000
000000000111000000000000000000
000000000111100000000000000000
000000000000000000000000000000
000000000000000000000000000000
000000000000000000000000000000
000000000000000000000000000000
000000000000000000000000000000
