000000000000000000000000000000
000000000000000000000000000000
000000000000000000000000000000
000000000000000000000000000000
000000000000000000000000000000
000000000000000000000000000000
000000100000000000000000000000
000000111011010000000000000000
000000111111111001000000000000
000000111111111111100000000000
000000111100111111111100000000
000000111100000011111100000000
000000111100000000001100000000
000000111100000000000000000000
000000111000000000000000000000
000001111100000000000000000000
000000111100000000000000000000
000000111000000000000000000000
000000111000000000000000000000
000001111101000000000000000000
000000111111110100000000000000
000000111111111110010000000000
000001111011111111111101000000
000001111100000111111111000000
000000111000000000111111000000
000000111000000000000001000000
000001111000000000000000000000
000000111000000000000000000000
000000111000000000000000000000
000001111000000000000000000000
000001111000000000000000000000
000000111000000000000000000000
000000111000000000000000000000
000000111000000000000000000000
000000000000000000000000000000
000000000000000000000000000000
000000000000000000000000000000
000000000000000000000000000000
000000000000000000000000000000
000000000000000000000000000000
