000000000000000000000000000000
000000000000000000000000000000
000000000000000000000000000000
000000000000000000000000000000
000000000000000000000000000000
000000110011000000000000000000
000001111111111101110000000000
000000111111111111111111000000
000000111100111111111111000000
000000111000000011011111000000
000001111000000000000001000000
000000111000000000000000000000
000000111000000000000000000000
000001111000000000000000000000
000001111000000000000000000000
000000111000000000000000000000
000000111000000000000000000000
000001111000000000000000000000
000000111110000000000000000000
000000111111110000000000000000
000000111111111111110000000000
000001111111111111111100000000
000000111000001111111100000000
000000111000000000111100000000
000000111000000000000100000000
000001111100000000000000000000
000000111000000000000000000000
000000111000000000000000000000
000000111000000000000000000000
000001111000000000000000000000
000001111000000000000000000000
000000111000000000000000000000
000000111000000000000000000000
000001111000000000000000000000
000001111000000000000000000000
000000000000000000000000000000
000000000000000000000000000000
000000000000000000000000000000
000000000000000000000000000000
000000000000000000000000000000
