000000000000000000000000000000
000000000000000000000000000000
000000000000000000000000000000
000000000000000000000010000000
000000000000000000011110000000
000000000000000001111111000000
000000000000001111111110000000
000000001001111111110000000000
000000111111111110000000000000
000000111111110000000000000000
000000111111000000000000000000
000000111000000000000000000000
000000111000000000000000000000
000000111000000000000000000000
000000111000000000000000000000
000000111000000000000000000000
000000111100000000000000000000
000000011100000000000010000000
000000011100000000011110000000
000000111100000011111110000000
000000011100011111111110000000
000000011101111111110000000000
000000111111111110010000000000
000000011111110000000000000000
000000011110000000000000000000
000000011110000000000000000000
000000011110000000000000000000
000000011100000000000000000000
000000011110000000000000000000
000000001110000000000000000000
000000011110000000000000000000
000000001110000000000000000000
000000001110000000000000000000
000000001110000000000000000000
000000001110000000000000000000
000000001110000000000000000000
000000001110000000000000000000
000000000000000000000000000000
000000000000000000000000000000
000000000000000000000000000000
