000000000000000000000000000000
000000000000000000000000000000
000000000000000000000000000000
000000000000000000000000000000
000000000001001111111100000000
000000001111111111111111000000
000000111111111111111111000000
000001111111111111010000000000
000001111001000000000000000000
000001111000000000000000000000
000001111000000000000000000000
000000111000000000000000000000
000001111000000000000000000000
000001111000000000000000000000
000000111000000000000000000000
000000111000000000000000000000
000001111100000000000000000000
000000111000000011111110000000
000000111001101111111110000000
000000011111111111111111000000
000000111111111110010010000000
000000111111100000000000000000
000000011100000000000000000000
000000011100000000000000000000
000000111000000000000000000000
000000011100000000000000000000
000000011100000000000000000000
000000011110000000000000000000
000000011100000000000000000000
000000011100000000000000000000
000000011110000000000000000000
000000001110000000000000000000
000000011100000000000000000000
000000011110000000000000000000
000000001110000000000000000000
000000001110000000000000000000
000000000000000000000000000000
000000000000000000000000000000
000000000000000000000000000000
000000000000000000000000000000
