000000000000000000000000000000
000000000000000000000000000000
000000000000000000000000000000
000000000000000000000000000000
000000000000001000000000000000
000000000001111111000000000000
000000001111111111111000000000
000000011111100111111100000000
000000111110000001111110000000
000001110000000000001111100000
000001110000000000000001110000
000011110000000000000001111000
000011100000000000000001110000
000011000000000000000001111100
001110000000000000000000011100
000111000000000000000000000000
000111000000000000000000000000
001110000000000000000000000000
001110000000000000000000000000
000111000000000111000000000000
001110000000000111111111011100
000110000000000011111111111100
000110000000000110111111111100
000111000000000000000000011100
000111000000000000000000111100
000011000000000000000000111100
000111000000000000000000011100
000011000000000000000000111000
000001110000000000000001111100
000001110000000000000011111100
000001110000000000000111111000
000000011100000000100111011100
000000011111101100111000111100
000000001111111111111000011000
000000000011111111000000010000
000000000000000000000000000000
000000000000000000000000000000
000000000000000000000000000000
000000000000000000000000000000
000000000000000000000000000000
