000000000000000000000000000000
000000000000000000000000000000
000000000000000000000000000000
000000000000000000000000000000
000000000000000000000000000000
000000000000000000000000000000
000000000000001001011000000000
000000000000011111111111000000
000000000001111111111111110000
000000001111100000001111110000
000000001110000000000001111000
000000111110000000000000111100
000000111000000000000000111110
000001111000000000000000001110
000011100000000000000000011110
000011100000000000000000000000
000111100000000000000000000000
000111000000000000000000000000
000110000000000000000000000000
001110000000000001101111101000
011110000000000011111111111110
001110000000000011111111111110
011100000000000000100100111110
011110000000000000000000011100
001110000000000000000000011110
001100000000000000000000001110
001111000000000000000000011100
000111000000000000000000111100
000110000000000000000001111110
000111100000000000000001111100
000011110000000000000011111100
000001111010000000011111111100
000001111111110101111110011100
000000011111111111111000011100
000000000000000000000000000000
000000000000000000000000000000
000000000000000000000000000000
000000000000000000000000000000
000000000000000000000000000000
000000000000000000000000000000
