000000000000000000000000000000
000000000000000000000000000000
000000000000000000000000000000
000000000001110111000000000000
000000011111111111000000000000
000000011111101111111000000000
000000111110001101111000000000
000000111000000000111100000000
000011100000000000000110000000
000011100000000000000111000000
000011100000000000000111100000
000011100000000000000011100000
000111000000000000000011100000
000110000000000000000001110000
001111000000000000000001111000
001111000000000000000000110000
001110000000000000000000000000
001110000000000000000000000000
001111000000000100000000000000
001111000000000011110000000000
000110000000000011111110000000
000110000000000111111111111000
000011100000000000011111111000
000011100000000000000001111000
000011000000000000000000111000
000011100000000000000000111000
000001100000000000000001110000
000011110000000000000000111000
000000111000000000000000111000
000000011110000000000001111000
000000011110000000000011110000
000000001111110000000111111000
000000000011111111011111111000
000000000001111111111111011000
000000000000001110110100111000
000000000000001110100000011000
000000000000000000000000000000
000000000000000000000000000000
000000000000000000000000000000
000000000000000000000000000000
