000000000000000000000000000000
000000000000000000000000000000
000000000000000000000000000000
000000000000000000000000000000
000000000000000000000000000000
000000000000000001000000000000
000000000000001111111000000000
000000001011111111111110000000
000000001111111111101111110000
000000111111100000000001111000
000000111100000000000000111000
000001111000000000000000111100
000011100000000000000000011100
000011000000000000000000010000
001111000000000000000000000000
000111000000000000000000000000
000110000000000000000000000000
011100000000000000000000000000
011110000000000000000011111110
011110000000000011111111111110
011100000000000011111110111110
011110000000000011110100011110
011110000000000000000000011110
011100000000000000000000001110
001100000000000000000000011100
011110000000000000000000111110
001110000000000000000001111110
000110000000000000000001111100
001110000000000000000001111100
000111100000000000000110011110
000001110000000000011110011100
000001111100001101110000001000
000000111111111111110000000000
000000011111111110000000000000
000000000000000000000000000000
000000000000000000000000000000
000000000000000000000000000000
000000000000000000000000000000
000000000000000000000000000000
000000000000000000000000000000
