000000000000000000000000000000
000000000000000000000000000000
000000000000000000000000000000
000000000000000000000000000000
000000000000000011001000000000
000000000000011111111110000000
000000000000011111111111100000
000000000011111110011111100000
000000001111100000000011110000
000000011110000000000001110000
000000111100000000000001110000
000000111100000000000001100000
000000111000000000000000000000
000001100000000000000000000000
000011000000000000000000000000
000001100000000000000000000000
000111000000000000000000001100
000111000000000000000011111100
000110000000000000111111111000
000111000000000011111111111000
000111000000000011111100111100
001111000000000011101100011100
001110000000000001000000111000
000111000000000000000000111000
000111000000000000000000011100
001111000000000000000000111100
000111000000000000000001111000
000011100000000000000001111100
000011100000000000000001111100
000011100000000000000011111100
000000111000000000000111011100
000000111000000000001110011100
000000111100000000001110001100
000000111111111111110000000000
000000001111111111110000000000
000000000011111110000000000000
000000000000000000000000000000
000000000000000000000000000000
000000000000000000000000000000
000000000000000000000000000000
