000000000000000000000000000000
000000000000000000000000000000
000000000000000000000000000000
000000000010101101000000000000
000000001111111111000000000000
000000011111111111110000000000
000000111111000111111100000000
000000111000000001111100000000
000001110000000000011111000000
000001110000000000000111000000
000011000000000000000011100000
000111000000000000000001110000
000111100000000000000001110000
000111000000000000000001110000
001111000000000000000001111000
001110000000000000000000111000
001111000000000000000000011000
001110000000000000000000000000
000110000000000000000000000000
001100000000000110000000000000
001110000000000111111000000000
001111000000001111111111110000
000110000000000010011111111000
000110000000000000000111111000
000110000000000000000001110000
000111000000000000000001110000
000011000000000000000011110000
000011100000000000000001110000
000001100000000000000111110000
000001110000000000000111100000
000001111100000000001111110000
000000011111000010001111100000
000000011111110011111111100000
000000000111111111110011000000
000000000001111110000001100000
000000000000000000000011100000
000000000000000000000000000000
000000000000000000000000000000
000000000000000000000000000000
000000000000000000000000000000
