000000000000000000000000000000
000000000000000000000000000000
000000000000000000000000000000
000000000000000000000000000000
000000000000000101100000000000
000000000001111111111000000000
000000000111111111111100000000
000000011111110110111111000000
000000011110000000000111100000
000000111100000000000001110000
000011110000000000000001110000
000001100000000000000001110000
000111100000000000000001111000
000111000000000000000000111100
000111000000000000000000001000
001101000000000000000000000000
011110000000000000000000000000
011110000000000000000000000000
011100000000000111100100000000
011100000000000011111111100000
011100000000000111111111111000
011100000000000010011011111000
011100000000000000000000111000
001100000000000000000000111000
011110000000000000000000111000
001110000000000000000000111000
000110000000000000000000111000
000111000000000000000010111000
000111100000000000000011110000
000001110000000000000011111000
000001111110000000001111111000
000000111111110110111111110000
000000001111111111111100110000
000000000001111101010001111000
000000000000011000000000110000
000000000000000000000000000000
000000000000000000000000000000
000000000000000000000000000000
000000000000000000000000000000
000000000000000000000000000000
