000000000000000000000000000000
000000000000000000000000000000
000000000001111111000000000000
000000000111111111100000000000
000000011111111011111000000000
000000011110010001111100000000
000001111110000000001110000000
000011110000000000000111100000
000011110000000000000111100000
000011110000000000000011100000
001111000000000000000000110000
000111000000000000000000111000
000111000000000000000000111100
000111000000000000000000011000
001100000000000000000000011100
001110000000000000000000001100
001110000000000000000000001100
000110000000000000000000011100
001100000000000011000000011100
001100000000000111100000011100
000110000000000111100000000100
001111000000000011110000000000
000110000000000000111100000000
000111000000000000011110000000
000011100000000000011110000000
000111100000000000000111100000
000000110000000000000111110000
000000111100000000000111100000
000000111100000000001111000000
000000011111000000001111000000
000000000011110001111111000000
000000000011111111111110000000
000000000000001101111100000000
000000000000000001111100000000
000000000000000000111000000000
000000000000000001110000000000
000000000000000001110000000000
000000000000000000000000000000
000000000000000000000000000000
000000000000000000000000000000
