000000000000000000000000000000
000000000000000000000000000000
000000000000000000000000000000
000000000000000000000000000000
000000000000000111110000000000
000000000011111111110000000000
000000000111111111111110000000
000000011111100001001111000000
000000011100000000000011100000
000000111100000000000001110000
000001110000000000000001110000
000001110000000000000000111000
000011110000000000000000011100
000011000000000000000000111000
000011000000000000000000011100
001111100000000000000000000100
001111000000000000000000000000
000111000000000000000000000000
001110000000000011000000000000
001111000000000001111110000000
000111000000000011111111110000
000110000000000001111111111100
000110000000000000001101111100
000111100000000000000000011100
000111000000000000000000011100
000011000000000000000000111000
000001110000000000000000011100
000011100000000000000000011100
000011111000000000000001111000
000000011100000000000001111000
000000011110100000000011111000
000000011111111000000111111000
000000000111111111111111111000
000000000000111111111100111000
000000000000000110110000111000
000000000000000000000000011000
000000000000000000000000000000
000000000000000000000000000000
000000000000000000000000000000
000000000000000000000000000000
