000000000000000000000000000000
000000000000000000000000000000
000000000000000000000000000000
000000000000000000000000000000
000000000000000001100100000000
000000000000001111111110000000
000000000000011111111111000000
000000000011111111011111110000
000000001011110000000001110000
000000001111000000000001111000
000000011100000000000001110000
000000011100000000000000110000
000000111000000000000000000000
000001110000000000000000000000
000001100000000000000000000000
000001100000000000000000000000
000111100000000000000000000100
000111100000000000000001111100
000011000000000000011111111100
000011000000000011111111111100
000111000000000001111110111100
001111100000000011111100011100
000111000000000001000000111100
000111000000000000000000011100
000111000000000000000000011100
001111100000000000000000111100
000011000000000000000000111100
000011100000000000000000111100
000011100000000000000000111100
000001110000000000000011111100
000000110000000000000111101100
000000111000000000000111001100
000000111110000000001110001100
000000011111011101111000000000
000000001111111111110000000000
000000000111111111000000000000
000000000000000000000000000000
000000000000000000000000000000
000000000000000000000000000000
000000000000000000000000000000
