000000000000000000000000000000
000000000000000000000000000000
000000000000000000000000000000
000000000000000000000000000000
000000000000000011110010000000
000000000000001111111111000000
000000000001111111111111100000
000000000101111100001111110000
000000001111000000000001110000
000000011110000000000001111000
000000111100000000000000111000
000000111100000000000000111000
000001110000000000000000000000
000001100000000000000000000000
000001100000000000000000000000
000111000000000000000000000000
000111000000000000000000000000
000011000000000000000001111100
000111000000000001111111111100
001111000000000011111111111000
001111000000000011111111111000
001110000000000111001100011100
001110000000000001000000111100
001111000000000000000000111000
000111000000000000000000111000
000110000000000000000000111000
000111000000000000000001111000
000111000000000000000001111000
000111100000000000000001111000
000001110000000000000111111000
000001110000000000001111111000
000001111000000000111100110000
000001111100010000111000111000
000000111111111111100000000000
000000000111111111100000000000
000000000000000000000000000000
000000000000000000000000000000
000000000000000000000000000000
000000000000000000000000000000
000000000000000000000000000000
