000000000000000000000000000000
000000000000000000000000000000
000000000000000000000000000000
000000000000000000000000000000
000000000000000111110000000000
000000000001111111111100000000
000000000011111111111111000000
000000011011111000000111100000
000000011110000000000111100000
000000011110000000000001110000
000000011000000000000001111000
000001111000000000000001111000
000001110000000000000000000000
000001100000000000000000000000
000011000000000000000000000000
000011100000000000000000000000
000001100000000000000000000000
000111000000000000001100111100
000110000000000011111111111100
000111000000000011111111111000
000111000000000011111011111100
000111000000000110001000111100
001110000000000000000000111100
001111000000000000000000111000
000111000000000000000000111100
001111000000000000000000111100
000111000000000000000001111100
000011100000000000000001111000
000011100000000000000011111100
000011100000000000000011111100
000011100000000000000110011100
000001111000000000111100011000
000000111000001001111100000000
000000111111011111110000000000
000000111111111111100000000000
000000000111111110000000000000
000000000000000000000000000000
000000000000000000000000000000
000000000000000000000000000000
000000000000000000000000000000
