000000000000000000000000000000
000000000000000000000000000000
000000000000000000000000000000
000000000000000000000000000000
000000000000000000001000000000
000000000000000011101100000000
000000000000111111111111000000
000000000011111111111111100000
000000000111110011000111110000
000000001110000000000001110000
000000001100000000000000011100
000000001110000000000000011100
000000011000000000000000011100
000000110000000000000000011100
000000110000000000000000000000
000001110000000000000000000000
000011110000000000000000000000
000011100000000000000000000000
000011000000000000000000000000
000111000000000000001111110000
001111000000000011111111111100
001110000000000111111111111100
001111000000000011110000111100
000111000000000000000000011100
001111000000000000000000111100
000110000000000000000000111000
000110000000000000000000111000
000111000000000000000001111000
000111000000000000000011111000
000111000000000000000111110000
000111000000000000000111110000
000011100000000000001011110000
000011110000000000111001110000
000011111111111111111000110000
000000111111111111100000110000
000000001111111110000000000000
000000000000000000000000000000
000000000000000000000000000000
000000000000000000000000000000
000000000000000000000000000000
