000000000000000000000000000000
000000000000000000000000000000
000000000000000000000000000000
000000000000000000000000000000
000000000000000000000000000000
000000000000000111011000000000
000000000000111111111000000000
000000000011111111111111000000
000000011111011000001111100000
000000011110000000000001110000
000000011100000000000001110000
000001111000000000000001111000
000001100000000000000000111100
000001100000000000000000011100
000011000000000000000000000000
000111000000000000000000000000
000111000000000000000000000000
000110000000000000000000000000
000110000000000000100110000000
011110000000000011111111111000
001110000000000011111111111110
001110000000000011011101111110
011111000000000000000000011100
011110000000000000000000011100
001110000000000000000000011110
000111000000000000000000011110
001111000000000000000000011100
001111000000000000000000111100
000011000000000000000000111110
000001110000000000000001111110
000011111100000000001011111100
000000111110110010001111011100
000000011111111111111110001110
000000000111111111110000001110
000000000000000000000000000000
000000000000000000000000000000
000000000000000000000000000000
000000000000000000000000000000
000000000000000000000000000000
000000000000000000000000000000
