000000000000000000000000000000
000000000000000000000000000000
000000000000000000000000000000
000000000000000000000000000000
000000000000000010000000000000
000000000001010111110000000000
000000000001111111111110000000
000000001111111011011110000000
000000011111000000000111100000
000001111100000000000001110000
000000111000000000000001111000
000011110000000000000000111000
000011100000000000000000111000
000111100000000000000000111100
000111000000000000000000011100
001110000000000000000000001100
011110000000000000000000000000
011110000000000000000000000000
011100000000000100000000000000
011100000000000011111110000000
011100000000000111111111100000
011100000000000110111111111000
011100000000000000001011111100
011110000000000000000000111000
011110000000000000000000111000
001100000000000000000001110000
001110000000000000000000111000
001111000000000000000001111000
001111100000000000000011110000
000011111000000000000111110000
000001111010000000001111110000
000000111111111101111111110000
000000001111111111111011100000
000000000011111111000001100000
000000000000000000000011110000
000000000000000000000001100000
000000000000000000000000000000
000000000000000000000000000000
000000000000000000000000000000
000000000000000000000000000000
