000000000000000000000000000000
000000000000000000000000000000
000000000000000000000000000000
000000000000000000000000000000
000000000000000000000000000000
000000000000010110000000000000
000000000011111111100000000000
000000011111111111111100000000
000000111111011111111110000000
000011111000000000011111100000
000001110000000000000011100000
000011100000000000000001110000
000111000000000000000011111000
000111000000000000000001111000
000110000000000000000000110000
011100000000000000000000000000
011110000000000000000000000000
011110000000000000000000000000
011100000000000000000000000000
011100000000000010000010111000
011110000000001111111111111100
011100000000000111111111111100
001100000000000111011011111000
011100000000000000000000111100
001100000000000000000001111100
001110000000000000000000111000
001110000000000000000000111000
000100000000000000000011111000
000111000000000000000011111000
000111000000000000001011111000
000111100000000000001110111000
000001111000000000011100111000
000000111111011011110000011000
000000111111111111100000000000
000000000111111001000000000000
000000000000000000000000000000
000000000000000000000000000000
000000000000000000000000000000
000000000000000000000000000000
000000000000000000000000000000
