000000000000000000000000000000
000000000000000000000000000000
000000000000000000000000000000
000000000000000000000000000000
000000000000000000000000000000
000000000000000111111000000000
000000000000111111111110000000
000000000011111111111111100000
000000000111100000000111110000
000000001110000000000001110000
000000011100000000000001111000
000000110000000000000000011100
000000010000000000000000011100
000000110000000000000000011100
000000110000000000000000011100
000011110000000000000000000000
000011100000000000000000000000
000011000000000000000000000000
000111000000000000000000000000
000111000000000011001111100000
001111000000000011111111111100
001110000000000111111111111100
001110000000000111110001111100
001111000000000000000000011100
001111000000000000000000111100
000110000000000000000000111100
000111000000000000000000111000
000111000000000000000001111000
000111000000000000000011111000
000111000000000000000111111000
000011100000000000000111110000
000011100000000000001011110000
000011111100000001111001110000
000001111111111111110001100000
000000111111111111100000110000
000000000000000000000000000000
000000000000000000000000000000
000000000000000000000000000000
000000000000000000000000000000
000000000000000000000000000000
