000000000000000000000000000000
000000000000000000000000000000
000000000000001000000000000000
000000000111111110000000000000
000000001111111111000000000000
000000011110110111111000000000
000000111100000000111110000000
000001111100000000011110000000
000111100000000000001111000000
000111100000000000000011000000
000111100000000000000001100000
001111000000000000000001110000
000111000000000000000000111000
001110000000000000000000011100
001100000000000000000000011100
001110000000000000000000011100
001110000000000000000000011100
001110000000000000000000011100
000110000000000010000000011100
001100000000000111000000000100
001110000000000111100000000000
001110000000000011111000000000
000110000000000001111100000000
000011000000000000111110000000
000001100000000000000111100000
000011000000000000000011111000
000001100000000000000011111000
000001111100000000000111100000
000000011100000000000111100000
000000011110000000000111100000
000000000111100000011111000000
000000000011111101111111000000
000000000001111111111110000000
000000000000000110111110000000
000000000000000000011100000000
000000000000000000011100000000
000000000000000000011100000000
000000000000000000000000000000
000000000000000000000000000000
000000000000000000000000000000
