000000000000000000000000000000
000000000000000000000000000000
000000000000000000000000000000
000000000000001101100000000000
000000000000011111111000000000
000000000001111111111110000000
000000000111111001011111000000
000000011111001000000111100000
000000011110000000000011100000
000000011000000000000011111000
000000110000000000000001111000
000001110000000000000000000000
000001110000000000000000000000
000011100000000000000000000000
000011000000000000000000000000
000011000000000000000000000000
000011100000000000000000100000
000111000000000000001111111100
000110000000000011111111111000
000110000000000011111111111000
000111000000000111110001111000
001110000000000110000000111100
001110000000000000000000111000
001110000000000000000000111000
000111000000000000000000111000
001110000000000000000000111100
000110000000000000000001111000
000111100000000000000011111000
000011100000000000000111111100
000011100000000000000110111100
000011100000000000001100011000
000001111000000000111100011000
000000111110001111110000010000
000000111111111111100000000000
000000111111111111000000000000
000000000011111000000000000000
000000000000000000000000000000
000000000000000000000000000000
000000000000000000000000000000
000000000000000000000000000000
