000000000000000000000000000000
000000000000000000000000000000
000000000000000000000000000000
000000000001011011000000000000
000000000111111111100000000000
000000011111111111111000000000
000000011110000000111110000000
000000111100000000001110000000
000001111000000000001111000000
000001100000000000000001100000
000111110000000000000001110000
000011100000000000000001100000
000011000000000000000001110000
001110000000000000000000111000
001111000000000000000000111000
000111000000000000000000011000
001110000000000000000000000000
001110000000000000000000000000
000111000000000011000000000000
001110000000000011111000000000
000110000000000011111111000000
000111000000000010111111111000
000111000000000000001111111000
000111000000000000001001111000
000011000000000000000001111000
000011000000000000000001111000
000011100000000000000001110000
000001110000000000000000111000
000001111000000000000001111000
000000011100000000000011110000
000000011100000000000011110000
000000000111100000001111111000
000000000011111100101111110000
000000000001111111111111110000
000000000000011111110001110000
000000000000000100100000110000
000000000000000000000000110000
000000000000000000000000000000
000000000000000000000000000000
000000000000000000000000000000
