000000000000000000000000000000
000000000000000000000000000000
000000000000000000000000000000
000001100000000000000000000000
000011100000000000000000000000
000011100000000000000000000000
000011100000000000000011100000
000111100000000000000011100000
000111100000000000000011100000
000011100000000000000011110000
000011100000000000000011100000
000111100000000000000011100000
000111100000000000000011100000
000011100000000000000011100000
000011100000000000000011100000
000111100000000000000011100000
000111111000000000000011100000
000011111111100000000011100000
000011111111111111100011100000
000111110111111111110111100000
000011100000011111111111100000
000011100000000011111111100000
000011100000000000001111100000
000111100000000000000011100000
000011100000000000000011100000
000011100000000000000111100000
000011100000000000000011100000
000111100000000000000011100000
000011100000000000000011100000
000011100000000000000111100000
000011100000000000000011100000
000111100000000000000011100000
000111100000000000000011100000
000000000000000000000111000000
000000000000000000000011100000
000000000000000000000011100000
000000000000000000000000000000
000000000000000000000000000000
000000000000000000000000000000
000000000000000000000000000000
