000000000000000000000000000000
000000000000000000000000000000
000000000000000000000000000000
000001100000000000000000000000
000011100000000000000000000000
000011100000000000000000000000
000011100000000000000011000000
000111100000000000000011100000
000111100000000000000011100000
000011100000000000000011110000
000011100000000000000011100000
000111100000000000000011100000
000111100000000000000011100000
000011100000000000000011100000
000011100000000000000111100000
000111100000000000000011100000
000111100000000000000011100000
000011111011100000000011100000
000011111111111110000111100000
000111111111111111110111100000
000011100110011111111111100000
000011100000000011111111100000
000011100000000000001111000000
000111000000000000000111100000
000011100000000000000011100000
000011100000000000000111100000
000011100000000000000111000000
000111100000000000000011100000
000011100000000000000011100000
000011100000000000000111100000
000011100000000000000111000000
000111100000000000000011100000
000111100000000000000011100000
000000000000000000000111000000
000000000000000000000111100000
000000000000000000000011100000
000000000000000000000011100000
000000000000000000000000000000
000000000000000000000000000000
000000000000000000000000000000
