000000000000000000000000000000
000000000000000000000000000000
000000000000000000000000000000
000000000000000000000000000000
000000000000000000000000110000
000000000000000000000001110000
000000000000000000000011110000
000011100000000000000011110000
000111000000000000000011110000
000111000000000000000001110000
000111000000000000000011110000
001111000000000000000011110000
001111000000000000000011110000
000111000000000000000001110000
000111000000000000000011111000
001111000000000000000011110000
001111000000000000000001110000
000111000000000000000011110000
000111000000000011111111111000
001111000001111111111111110000
001111111111111111111101110000
000111111111111010000001111000
000111111110100000000011110000
001111100000000000000001110000
000111000000000000000001110000
000111000000000000000001111000
000111000000000000000011110000
001111000000000000000001110000
000111000000000000000001111000
000111000000000000000001111000
000111100000000000000001110000
001111000000000000000001100000
000111000000000000000000000000
000111000000000000000000000000
000111100000000000000000000000
000000000000000000000000000000
000000000000000000000000000000
000000000000000000000000000000
000000000000000000000000000000
000000000000000000000000000000
