000000000000000000000000000000
000000000000000000000000000000
000000000000000000000000000000
000000000000000000000000000000
000000000000000000000000000000
000011100000000000000011000000
000011100000000000000001110000
000111100000000000000001110000
000111000000000000000011110000
000011100000000000000011110000
000011100000000000000001110000
000111100000000000000001110000
000111100000000000000011110000
000011100000000000000011110000
000011100000000000000001110000
000011100000000000000001110000
000111100000000000000011110000
000011100000110011001011110000
000011101111111111111111110000
000011111111111111111111110000
000111111111011101111111110000
000011111000000000000011100000
000011100000000000000001110000
000011100000000000000011110000
000011100000000000000011110000
000011100000000000000011110000
000011100000000000000001110000
000011100000000000000011110000
000011100000000000000011100000
000011100000000000000011110000
000011100000000000000001110000
000011100000000000000011110000
000011100000000000000011100000
000011100000000000000011110000
000011100000000000000000000000
000000000000000000000000000000
000000000000000000000000000000
000000000000000000000000000000
000000000000000000000000000000
000000000000000000000000000000
