000000000000000000000000000000
000000000000000000000000000000
000000000000000000000000000000
000000000000000000000011100000
000000000000000000000011100000
000000000000000000000011100000
000000000000000000000011110000
000010100000000000000011110000
000011100000000000000011100000
000011110000000000000011100000
000011100000000000000011110000
000011100000000000000011110000
000011110000000000000011100000
000011110000000000000011100000
000011100000000000000001110000
000011100000000000000011110000
000011110000000000000011100000
000011110000000000011111100000
000011110000000011011111110000
000011100000111111111111100000
000011111111111111111111100000
000011111111111111110011100000
000011111111011100000001110000
000011110110000000000011100000
000001110000000000000011100000
000001110000000000000011100000
000011100000000000000001110000
000011100000000000000011100000
000001110000000000000011100000
000001110000000000000011110000
000011100000000000000001110000
000011100000000000000011110000
000001110000000000000011100000
000011110000000000000011100000
000011100000000000000000000000
000011100000000000000000000000
000001110000000000000000000000
000000000000000000000000000000
000000000000000000000000000000
000000000000000000000000000000
