000000000000000000000000000000
000000000000000000000000000000
000000000000000000000000000000
000000000000000000000000000000
000000000000000000000000110000
000000000000000000000001110000
000000000000000000000001110000
000000000000000000000011110000
000011000000000000000011110000
000111000000000000000001110000
000111000000000000000001110000
000111000000000000000011111000
001111100000000000000011110000
001111000000000000000001110000
000111000000000000000001110000
000111000000000000000011110000
001111100000000000000001110000
001111000000000000000011110000
000111000000001101111111110000
000111100011111111111111110000
001111111111111111101111110000
000111111110111000000001110000
000111101000000000000001110000
000111100000000000000011110000
000111000000000000000001110000
000111000000000000000001110000
000111100000000000000011110000
000111100000000000000011110000
000111000000000000000001110000
000111000000000000000001110000
000111100000000000000011110000
000111100000000000000011110000
000111000000000000000001110000
000111100000000000000001110000
000111100000000000000000000000
000000000000000000000000000000
000000000000000000000000000000
000000000000000000000000000000
000000000000000000000000000000
000000000000000000000000000000
