000000000000000000000000000000
000000000000000000000000000000
000000000000000000000000000000
000000000000000000000000000000
000100000000000000000000000000
000110000000000000000000000000
001111100000000000000000000000
000111000000000000000000000000
000111000000000000000000000000
000111000000000000000001100000
000111100000000000000001110000
000111100000000000000001111000
000111000000000000000001111000
000111000000000000000001111000
000111100000000000000001111000
000111100000000000000001111000
000111000000000000000001111000
000111001000000000000001111000
000111111110100000000001110000
000111111111110010000000111000
000111111111111111101001111000
001111100000011111111111111000
000111100000000101111111110000
000111000000000000011111111000
000111000000000000000001111000
001111100000000000000001110000
000111000000000000000011110000
000111000000000000000001111000
000111000000000000000001110000
001111100000000000000001110000
000111000000000000000011111000
000111000000000000000001111000
001111000000000000000001110000
000000000000000000000011110000
000000000000000000000011111000
000000000000000000000001110000
000000000000000000000000000000
000000000000000000000000000000
000000000000000000000000000000
000000000000000000000000000000
