000000000000000000000000000000
000000000000000000000000000000
000000000000000000000000000000
000000000000000000000111100000
000000000000000000000011100000
000000000000000000000011100000
000001100000000000000111100000
000011100000000000000111100000
000011100000000000000011100000
000111000000000000000011100000
000011100000000000000111100000
000011100000000000000011100000
000011100000000000000011100000
000111100000000000000011100000
000011100000000000000011100000
000011100000000000000011100000
000111100000000000000011100000
000111100000000000111111100000
000011100000000111111111100000
000011110001111111111111100000
000111111111111111101111100000
000011111111111001000011100000
000011111110000000000011110000
000011100000000000000011100000
000011100000000000000011100000
000011110000000000000011100000
000011100000000000000011110000
000011100000000000000011100000
000011100000000000000011100000
000011100000000000000011100000
000011100000000000000011110000
000011100000000000000011100000
000111100000000000000011100000
000011100000000000000011000000
000011100000000000000000000000
000011100000000000000000000000
000000000000000000000000000000
000000000000000000000000000000
000000000000000000000000000000
000000000000000000000000000000
