000000000000000000000000000000
000000000000000000000000000000
000000000000000000000110000000
000000000000000000000011100000
000000000000000000000011100000
000000000000000000000011100000
000000100000000000000011100000
000011100000000000000011100000
000011100000000000000011100000
000111100000000000000011100000
000011100000000000000011100000
000011100000000000000011100000
000011100000000000000011100000
000111100000000000000011100000
000011100000000000000011110000
000011100000000000000011100000
000011100000000000000011100000
000011110000000000011111100000
000011100000000111111111110000
000011100000111111111111100000
000011101111111111110011100000
000011111111111100000011100000
000011111111000000000011110000
000011110000000000000011100000
000011100000000000000011100000
000001110000000000000011100000
000011100000000000000001110000
000011100000000000000011100000
000011110000000000000011100000
000011110000000000000011100000
000011100000000000000001110000
000011100000000000000011100000
000011110000000000000011100000
000011110000000000000011000000
000011100000000000000000000000
000011100000000000000000000000
000011110000000000000000000000
000000000000000000000000000000
000000000000000000000000000000
000000000000000000000000000000
