000000000000000000000000000000
000000000000000000000000000000
000000000000000000000000000000
000000000000000000000011100000
000000000000000000000001110000
000000000000000000000001110000
000000010000000000000001110000
000001110000000000000011100000
000001110000000000000001110000
000011110000000000000001110000
000011110000000000000001110000
000001110000000000000011100000
000001110000000000000001110000
000011110000000000000001110000
000001110000000000000001110000
000001110000000000000011100000
000001110000000000000001110000
000011110000000000001111110000
000001110000000001111111110000
000001110000011111111111110000
000001111111111111111111110000
000011111111111110100001110000
000001111111100000000001110000
000001111100000000000011110000
000001110000000000000001110000
000011110000000000000001110000
000001110000000000000001110000
000001110000000000000011110000
000001110000000000000001110000
000011100000000000000001110000
000001110000000000000001110000
000001110000000000000001110000
000011110000000000000001110000
000011110000000000000001110000
000001110000000000000000000000
000001110000000000000000000000
000000000000000000000000000000
000000000000000000000000000000
000000000000000000000000000000
000000000000000000000000000000
