000000000000000000000000000000
000000000000000000000000000000
000000000000000000000000000000
000000000000000000000010000000
000000000000000000000011110000
000000000000000000000011100000
000111100000000000000011100000
000011100000000000000111100000
000111100000000000000011110000
000111000000000000000011100000
000011100000000000000011100000
000011100000000000000111110000
000011100000000000000011100000
000111000000000000000011100000
000011100000000000000011100000
000011100000000000000111110000
000011100000000000000011100000
000111000000000011001111100000
000011100000111111111111100000
000011101111111111111111110000
000011111111111101000011100000
000111111111000000000011100000
000011111000000000000111100000
000011100000000000000111100000
000011100000000000000011100000
000111100000000000000011100000
000011100000000000000111100000
000011100000000000000011100000
000011100000000000000011100000
000111100000000000000011100000
000011100000000000000111100000
000011100000000000000011100000
000011100000000000000011100000
000111100000000000000000000000
000011100000000000000000000000
000011100000000000000000000000
000011100000000000000000000000
000000000000000000000000000000
000000000000000000000000000000
000000000000000000000000000000
