000000000000000000000000000000
000000000000000000000000000000
000000000000000000000000000000
000000100000000000000000000000
000001110000000000000000000000
000001110000000000000000000000
000001110000000000000000000000
000001110000000000000000000000
000011100000000000000001110000
000001110000000000000001110000
000001110000000000000011110000
000001110000000000000001110000
000011100000000000000001110000
000001110000000000000001110000
000001110000000000000011110000
000011110000000000000011110000
000011100000000000000001110000
000001110000000000000001110000
000001111100000000000011100000
000011111111110000000011110000
000011111111111110000011110000
000001110011111111111011110000
000001110000011111111111100000
000011110000000001110111110000
000011100000000000000011110000
000001110000000000000001110000
000001110000000000000011100000
000011100000000000000011110000
000011100000000000000001110000
000001110000000000000011110000
000001110000000000000011110000
000011100000000000000001110000
000011100000000000000001110000
000011110000000000000011110000
000001110000000000000011110000
000000000000000000000001110000
000000000000000000000001110000
000000000000000000000000000000
000000000000000000000000000000
000000000000000000000000000000
