000000000000000000000000000000
000000000000000000000000000000
000000000000000000000000000000
000000000000000000000000000000
000000000000000000000000000000
000000000000000000000000111000
000000000000000000000000111000
000000000000000000000000111000
000001100000000000000001111000
000001110000000000000001111000
000011100000000000000000111000
000011100000000000000000111000
000011110000000000000001110000
000111110000000000000001111000
000011100000000000000000111000
000011100000000000000000111000
000011110000000000000001111000
000011110000000000000000111000
000011100000000010001001111000
000011111101101111111111111000
000011111111111111111111111000
000011111111111111110111111000
000011110100000000000000111000
000011110000000000000000111000
000001110000000000000001111000
000011100000000000000000111000
000011110000000000000000111000
000011110000000000000001111000
000001110000000000000001111000
000011100000000000000000111000
000011110000000000000000111000
000011110000000000000001111000
000001110000000000000001111000
000011110000000000000001111000
000011110000000000000000111000
000000000000000000000000000000
000000000000000000000000000000
000000000000000000000000000000
000000000000000000000000000000
000000000000000000000000000000
