000000000000000000000000000000
000000000000000000000000000000
000000000000000000000000000000
000000000000000000000011100000
000000000000000000000011100000
000000000000000000000011100000
000000100000000000000011110000
000011100000000000000011100000
000011110000000000000011100000
000011100000000000000011100000
000011100000000000000011110000
000011100000000000000011100000
000001110000000000000011100000
000011100000000000000011110000
000011100000000000000001110000
000011100000000000000011100000
000011110000000000000011100000
000011110000000000011111110000
000011100000000011111111110000
000011100000111111111111100000
000011111111111111111111100000
000011111111111101000011110000
000011111111000000000001110000
000011111000000000000011100000
000001110000000000000011100000
000011110000000000000001110000
000011100000000000000001110000
000011110000000000000011100000
000001110000000000000011100000
000011100000000000000001110000
000011100000000000000001110000
000011110000000000000011100000
000011110000000000000011100000
000011100000000000000001100000
000011100000000000000000000000
000011110000000000000000000000
000000000000000000000000000000
000000000000000000000000000000
000000000000000000000000000000
000000000000000000000000000000
