000000000000000000000000000000
000000000000000000000000000000
000000000000000000000000000000
000000000000000000000011100000
000000000000000000000011100000
000000000000000000000011110000
000000000000000000000011110000
000011100000000000000011100000
000001110000000000000011100000
000011100000000000000011110000
000011100000000000000001110000
000011100000000000000011100000
000001110000000000000011100000
000011110000000000000011110000
000011100000000000000001110000
000011110000000000000011100000
000011110000000000000011100000
000011110000000000001111110000
000011100000000011111111110000
000011111000111111111111100000
000001111111111111111111100000
000011111111111101000001110000
000011111111100000000001110000
000011111000000000000011100000
000001110000000000000011100000
000011110000000000000001110000
000011100000000000000001110000
000001110000000000000011100000
000001110000000000000011100000
000011100000000000000001110000
000011100000000000000001110000
000001110000000000000011100000
000011110000000000000011110000
000011100000000000000001110000
000011100000000000000000000000
000001110000000000000000000000
000000000000000000000000000000
000000000000000000000000000000
000000000000000000000000000000
000000000000000000000000000000
