000000000000000000000000000000
000000000000000000000000000000
000000000000000000000000000000
000001100000000000000000000000
000011110000000000000000000000
000011110000000000000000000000
000011110000000000000000000000
000011100000000000000000000000
000011100000000000000000000000
000011110000000000000000110000
000011110000000000000000111000
000011100000000000000000111000
000111100000000000000001111000
000111100000000000000000111000
000111100000000000000000111000
000011100000000000000001111000
000111110000000000000001111000
000111111110000000000001111000
000111111111110000000001111000
001111001111111111000001111000
000111100010111111110011111000
000111000000001111111111111000
000111000000000011111111110000
001111000000000000001111110000
001110000000000000000111111000
001110000000000000000001110000
001111000000000000000001110000
001111000000000000000011110000
001111000000000000000011110000
001110000000000000000011100000
000110000000000000000001110000
000000000000000000000011110000
000000000000000000000011100000
000000000000000000000011100000
000000000000000000000111100000
000000000000000000000111100000
000000000000000000000000000000
000000000000000000000000000000
000000000000000000000000000000
000000000000000000000000000000
