000000000000000000000000000000
000000000000000000000000000000
000000000000000000000000000000
000000000000000000000000000000
000000000000000000000001110000
000100000000000000000001110000
000011100000000000000001111000
000011100000000000000001111000
000011100000000000000001110000
000111000000000000000001111000
000111100000000000000001111000
000111100000000000000001111000
000011100000000000000001110000
000111000000000000000001110000
000111100000000000000001111000
000111100000000000000011111000
000011100000000000000011110000
000111000000000000011111111000
000111000000111111111111111000
000111111111111111111111111000
000011111111111111100001110000
000111111011011000000001111000
000111100000000000000001111000
000011100000000000000001111000
000011100000000000000001111000
000111000000000000000001111000
000111100000000000000000111000
000011100000000000000001111000
000111100000000000000001111000
000111100000000000000001111000
000111100000000000000000111000
000011100000000000000000000000
000111100000000000000000000000
000111100000000000000000000000
000011100000000000000000000000
000000000000000000000000000000
000000000000000000000000000000
000000000000000000000000000000
000000000000000000000000000000
000000000000000000000000000000
