000000000000000000000000000000
000000000000000000000000000000
000000000000000000000000000000
000000000000000000000000000000
000000000000000000000000111000
000000000000000000000000111000
000000000000000000000001111000
000000000000000000000001111000
001011100000000000000001111000
000111100000000000000000111000
000011100000000000000001111000
000111000000000000000001111000
000111100000000000000000111000
000111100000000000000000111000
000011100000000000000001111000
000111000000000000000001111000
000111100000000000000001111000
000111100000000000001011111100
000011100000000010111111111000
000111000000101111111111111000
000111111111111111110100111000
000011111111111100000001111100
000011111111000000000001111000
000111100000000000000000111000
000111100000000000000000111100
000011100000000000000001111100
000111100000000000000000111000
000111100000000000000000111000
000011100000000000000000111100
000011100000000000000001111100
000111110000000000000001111000
000111100000000000000000110000
000011100000000000000000000000
000011100000000000000000000000
000111100000000000000000000000
000111000000000000000000000000
000000000000000000000000000000
000000000000000000000000000000
000000000000000000000000000000
000000000000000000000000000000
