000000000000000000000000000000
000000000000000000000000000000
000000000000000000000000000000
000000000000000000000000000000
000100000000000000000000000000
000011100000000000000000000000
000111100000000000000000000000
000111000000000000000000000000
000111000000000000000000000000
000111100000000000000001100000
000111100000000000000000111000
000111100000000000000001111000
000111000000000000000001111000
000111100000000000000001110000
000111100000000000000000111000
000111000000000000000001111000
000111000000000000000001111000
000111111000000000000001111000
000111111111000000000001111000
000111111111111110000001111000
000111100111111111111001111000
000111100001011111111111110000
000111000000000101111111111000
000111000000000000000111111000
001111100000000000000001111000
000111100000000000000001110000
000111000000000000000000111000
000111000000000000000001111000
001111100000000000000001110000
000111000000000000000001111000
000111000000000000000001111000
001111000000000000000001111000
000000000000000000000001110000
000000000000000000000001111000
000000000000000000000001111000
000000000000000000000001110000
000000000000000000000000000000
000000000000000000000000000000
000000000000000000000000000000
000000000000000000000000000000
