000000000000000000000000000000
000000000000000000000000000000
000000000000000000000000000000
000000000000000000000000000000
000000000000000000000000000000
000000000000000000000000000000
000000000000000001000000000000
000000000000000011100000000000
000000000000000111000000000000
000000000000000111100000000000
000000000000000011100000000000
000000000000000111110000000000
000000000000000011100000000000
000000000000000011110000000000
000000000000000001111000000000
000000000000000011110000000000
000000000000000001111000000000
000000000000000000111000000000
000000000000000001111100000000
000000000000000000111000000000
000000000000000000111100000000
000000000000000000111100000000
000000000000000000111100000000
000000000000000000011100000000
000000000000000000011110000000
000000000000000000011110000000
000000010100000000011110000000
000000011110000000001110000000
000000011110000000011110000000
000000011110000000001110000000
000000001110000000001110000000
000000001111100000111100000000
000000000111111111111000000000
000000000001111111111000000000
000000000000000000000000000000
000000000000000000000000000000
000000000000000000000000000000
000000000000000000000000000000
000000000000000000000000000000
000000000000000000000000000000
