000000000000000000000000000000
000000000000000000000000000000
000000000000000000000000000000
000000000000000000000000000000
000000010000000000000000000000
000000011100000000000000000000
000000011110000000011100000000
000000001111000000011100000000
000000000100000000011100000000
000000000000000000011110000000
000000000000000000011100000000
000000000000000000011100000000
000000000000000000011100000000
000000000000000000011110000000
000000000000000000011100000000
000000000000000000011100000000
000000000000000000011110000000
000000000000000000011100000000
000000000000000000011100000000
000000000000000000011100000000
000000000000000000011110000000
000000000000000000011100000000
000000000000000000011100000000
000000000000000000011100000000
000000000000000000011110000000
000000001000000000011100000000
000000001110000000011100000000
000000011100000000011100000000
000000011100000000011110000000
000000011110000000011100000000
000000000110000000011100000000
000000001110000000111100000000
000000000111000001111100000000
000000000111111011110000000000
000000000001111111110000000000
000000000000111111100000000000
000000000000000000000000000000
000000000000000000000000000000
000000000000000000000000000000
000000000000000000000000000000
