000000000000000000000000000000
000000000000000000000000000000
000000000000000000000000000000
000000000000000000000000000000
000000000000000000100000000000
000000000000000001110000000000
000000000000000001111000000000
000000000000000001110000000000
000000000000000001110000000000
000000000000000001111000000000
000000000000000001110000000000
000000000000000001110000000000
000000000000000000111000000000
000000000000000001111000000000
000000000000000001110000000000
000000000000000000111000000000
000000000000000001111000000000
000000000000000001111100000000
000000000000000000111000000000
000000000000000000111000000000
000000000000000000111100000000
000000000000000000111000000000
000000000000000000111000000000
000000000000000000111100000000
000000000000000000111100000000
000000000000000000111100000000
000000000000000000111100000000
000000011100000000011100000000
000000011110000000011100000000
000000011110000000011100000000
000000011100000000111000000000
000000001111000001110000000000
000000001111000001111000000000
000000001111111111100000000000
000000000011111110000000000000
000000000001111100000000000000
000000000000000000000000000000
000000000000000000000000000000
000000000000000000000000000000
000000000000000000000000000000
