000000000000000000000000000000
000000000000000000000000000000
000000000000000000000000000000
000000000000000000000000000000
000000000000000001110000000000
000000000000000001110000000000
000000000000000001110000000000
000000000000000001110000000000
000000000000000001110000000000
000000000000000000111000000000
000000000000000001110000000000
000000000000000001110000000000
000000000000000000111000000000
000000000000000001111000000000
000000000000000001111000000000
000000000000000000111000000000
000000000000000000111000000000
000000000000000001111100000000
000000000000000000111000000000
000000000000000000111000000000
000000000000000000111100000000
000000000000000000111100000000
000000000000000000111000000000
000000000000000000111100000000
000000000000000000011100000000
000000000000000000111100000000
000000000000000000111100000000
000000000000000000011100000000
000000001110000000011100000000
000000011110000000011100000000
000000011100000000011100000000
000000001110000000011000000000
000000001110000001111000000000
000000001111110001111000000000
000000000111111001100000000000
000000000011111111110000000000
000000000000000000000000000000
000000000000000000000000000000
000000000000000000000000000000
000000000000000000000000000000
