000000000000000000000000000000
000000000000000000000000000000
000000000000000000000000000000
000000000000000000000000000000
000000000000000000000000000000
000000000000000000111000000000
000000000000000000111000000000
000000000000000000111100000000
000000000000000000011100000000
000000011000000000111000000000
000000010000000000111000000000
000000000000000000111100000000
000000000000000000011100000000
000000000000000000011100000000
000000000000000000011100000000
000000000000000000111100000000
000000000000000000011100000000
000000000000000000011100000000
000000000000000000011100000000
000000000000000000011110000000
000000000000000000001110000000
000000000000000000011100000000
000000000000000000011100000000
000000000000000000011110000000
000000000000000000001110000000
000000001000000000001110000000
000000001110000000011110000000
000000001110000000011110000000
000000001110000000001110000000
000000001111000000001110000000
000000000111100000011110000000
000000000111110000011110000000
000000000011110001111000000000
000000000011111111111000000000
000000000000001111111000000000
000000000000000000000000000000
000000000000000000000000000000
000000000000000000000000000000
000000000000000000000000000000
000000000000000000000000000000
