000000000000000000000000000000
000000000000000000000000000000
000000000000000000000000000000
000000000000000000000000000000
000000000000000000000000000000
000000000000000000000010000000
000000000000000000001110000000
000000000000000000001110000000
000000000000000000011110000000
000000000000000000001110000000
000000111100000000001110000000
000000111100000000001111000000
000000111100000000011110000000
000000000000000000001110000000
000000000000000000001110000000
000000000000000000011111000000
000000000000000000001110000000
000000000000000000001110000000
000000000000000000001110000000
000000000000000000011111000000
000000000000000000001110000000
000000000000000000001110000000
000000000000000000001111000000
000000000000000000011111000000
000000000000000000001110000000
000000000000000000001110000000
000000000000000000001111000000
000000000010000000001111000000
000000001110000000001110000000
000000011110000000001110000000
000000011110000000001110000000
000000001110000000111000000000
000000000111000001111000000000
000000000111111111110000000000
000000000101111110010000000000
000000000000000000000000000000
000000000000000000000000000000
000000000000000000000000000000
000000000000000000000000000000
000000000000000000000000000000
