000000000000000000000000000000
000000000000000000000000000000
000000000000000000000000000000
000000000000000000000000000000
000000000000000000000000000000
000000000000000000000010000000
000000000000000000011100000000
000000000000000000011110000000
000000000000000000011110000000
000000001000000000001110000000
000000001100000000011100000000
000000000000000000011100000000
000000000000000000011110000000
000000000000000000001110000000
000000000000000000011100000000
000000000000000000011100000000
000000000000000000011110000000
000000000000000000011110000000
000000000000000000011100000000
000000000000000000011100000000
000000000000000000001110000000
000000000000000000011110000000
000000000000000000011100000000
000000000000000000011100000000
000000000000000000001110000000
000000001000000000011110000000
000000001110000000011100000000
000000011110000000011100000000
000000011100000000001110000000
000000011110000000011100000000
000000001111000000011100000000
000000001111000000111100000000
000000000111001000111100000000
000000000111111111110000000000
000000000001111111110000000000
000000000000000000000000000000
000000000000000000000000000000
000000000000000000000000000000
000000000000000000000000000000
000000000000000000000000000000
