000000000000000000000000000000
000000000000000000000000000000
000000000000000000000000000000
000000000000000000000000000000
000000000000000000000000000000
000000000000000000000000000000
000000000000000000000000000000
000000000000000000111100000000
000000000000000000111000000000
000000000000000000111000000000
000000000000000000111100000000
000000000000000000111100000000
000000000000000000111100000000
000000000000000000111100000000
000000000000000000111100000000
000000000000000000111100000000
000000000000000000111100000000
000000000000000000011100000000
000000000000000000111100000000
000000000000000000011110000000
000000000000000000011100000000
000000000000000000111100000000
000000000000000000011110000000
000000100000000000011100000000
000000111100000000011100000000
000000111100000000011110000000
000000111100000000011110000000
000000011100000000011100000000
000000011110000000011110000000
000000001111000000011100000000
000000000111110001111100000000
000000000111111011111100000000
000000000010111111111000000000
000000000000000000000000000000
000000000000000000000000000000
000000000000000000000000000000
000000000000000000000000000000
000000000000000000000000000000
000000000000000000000000000000
000000000000000000000000000000
