000000000000000000000000000000
000000000000000000000000000000
000000000000000000000000000000
000000000000000000000000000000
000000000000000001110000000000
000000000000000011100000000000
000000000000000001110000000000
000000000000000001110000000000
000000000000000001110000000000
000000000000000001110000000000
000000000000000001110000000000
000000000000000001110000000000
000000000000000000111000000000
000000000000000001110000000000
000000000000000001111000000000
000000000000000000111000000000
000000000000000000111000000000
000000000000000001111000000000
000000000000000000111000000000
000000000000000000111000000000
000000000000000000111100000000
000000000000000000111000000000
000000000000000000111000000000
000000000000000000111100000000
000000000000000000011100000000
000000000000000000111000000000
000000000000000000111100000000
000000011100000000011100000000
000000011110000000011000000000
000000011100000000011100000000
000000011100000000011100000000
000000001110000000111000000000
000000001111000001111000000000
000000001111111011101000000000
000000000011111111100000000000
000000000011111111000000000000
000000000000000000000000000000
000000000000000000000000000000
000000000000000000000000000000
000000000000000000000000000000
