000000000000000000000000000000
000000000000000000000000000000
000000000000000000000000000000
000000000000000000000000000000
000000000000000000000000000000
000000000000000000000000000000
000000000000000000011110000000
000000000000000000011110000000
000000000000000000011110000000
000000000000000000011110000000
000000000000000000011110000000
000000000000000000011110000000
000000000000000000011100000000
000000000000000000011110000000
000000000000000000011110000000
000000000000000000011110000000
000000000000000000011100000000
000000000000000000001110000000
000000000000000000011110000000
000000000000000000011100000000
000000000000000000011100000000
000000000000000000011110000000
000000110000000000011110000000
000000111100000000011100000000
000000111000000000011100000000
000000111000000000011110000000
000000111100000000011100000000
000000011110000000011100000000
000000001110000000111100000000
000000001111000000111100000000
000000000011111001111100000000
000000000001111111110000000000
000000000000111111010000000000
000000000000000000000000000000
000000000000000000000000000000
000000000000000000000000000000
000000000000000000000000000000
000000000000000000000000000000
000000000000000000000000000000
000000000000000000000000000000
