000000000000000000000000000000
000000000000000000000000000000
000000000000000000000000000000
000000000000011000000000000000
000000000000111100000000000000
000000000000111000000000000000
000000000000111100000000000000
000000000000011100000000000000
000000000000011110000000000000
000000000000011100000000000000
000000000000011110000000000000
000000000000001110000000000000
000000000000000111000000000000
000000000000001110000000000000
000000000000000111000000000000
000000000000000111100000000000
000000000000000111100000000000
000000000000000111100000000000
000000000000000011100000000000
000000000000000011110000000000
000000000000000011110000000000
000000000000000011110000000000
000000000000000001110000000000
000000000000000001111000000000
000000000000000001111000000000
000000000000000001111000000000
000000000000000000111100000000
000000000000000000011100000000
000000000000000000111100000000
000000000010000000011000000000
000000000110000000011000000000
000000001110000000011000000000
000000001110000000111000000000
000000001111000001110000000000
000000000111101011110000000000
000000000111111111100000000000
000000000001111111000000000000
000000000000000000000000000000
000000000000000000000000000000
000000000000000000000000000000
