000000000000000000000000000000
000000000000000000000000000000
000000000000000000000000000000
000100000000000000000000000000
000111000000000000000000000000
001111000000000000000000000000
000111100000000000000000000000
000001011000000000000000000000
000001011100000000000000111100
000000111100000000000011111000
000000111000000000000011100000
000000111000000000000111100000
000001111100000000001110000000
000000111000000000011110000000
000000111000000001111100000000
000001110000000001110000000000
000001111000000011110000000000
000000111000001111000000000000
000001110000011110000000000000
000001110001111110000000000000
000000111001111000000000000000
000001111111111110000000000000
000001111111001111000000000000
000011111110000110000000000000
000001111100000111100000000000
000001111000000111110000000000
000011111000000011110000000000
000011110000000001111000000000
000001110000000000111100000000
000011110000000001111100000000
000011100000000000011110000000
000011100000000000001111100000
000011110000000000001111100000
000011100000000000000011110000
000011100000000000000001111000
000111110000000000000000100000
000000000000000000000000000000
000000000000000000000000000000
000000000000000000000000000000
000000000000000000000000000000
