000000000000000000000000000000
000000000000000000000000000000
000000000000000000000000000000
000000000000000000000001000000
000000000000000000000110000000
000000000000000000001110000000
000000000000000000001110000000
000011100000000000001100000000
000011110000000000111000000000
000001110000000001110000000000
000011100000000011110000000000
000011100000000011100000000000
000001110000000011000000000000
000001110000000110000000000000
000011100000011110000000000000
000011100000011110000000000000
000001110000011100000000000000
000011110000110000000000000000
000011100011110000000000000000
000011100011111100000000000000
000001110011111100000000000000
000011110110011100000000000000
000011111100011111000000000000
000011111100001111100000000000
000001111100000111100000000000
000011110000000111100000000000
000011100000000001111000000000
000011100000000001111000000000
000001110000000001111000000000
000011100000000000111110000000
000011100000000000011111000000
000011110000000000001111000000
000011110000000000001111100000
000011110000000000000011110000
000011100000000000000010000000
000011110000000000000000000000
000000000000000000000000000000
000000000000000000000000000000
000000000000000000000000000000
000000000000000000000000000000
