000000000000000000000000000000
000000000000000000000000000000
000000000000000000000000000000
000000000000000000000000000000
000000000000000000000000000000
000000000000000000000001110000
000000000000000000000011110000
000000000000000000001111000000
000001110000000000011111000000
000011100000000000011100000000
000011100000000001111100000000
000011110000000001110000000000
000111110000000011110000000000
000111100000000011100000000000
000011100000001110000000000000
000011100000011110000000000000
000111110000111100000000000000
000011100011111000000000000000
000011100011110000000000000000
000011110111111110000000000000
000111110111001110000000000000
000011111110001111000000000000
000011111100001111000000000000
000011111000000111110000000000
000011111000000011110000000000
000011100000000001111000000000
000011110000000001111000000000
000011110000000001111100000000
000011100000000000011110000000
000011100000000000001111000000
000011110000000000001110000000
000001110000000000001111000000
000011100000000000000111100000
000011110000000000000001100000
000011110000000000000000000000
000000000000000000000000000000
000000000000000000000000000000
000000000000000000000000000000
000000000000000000000000000000
000000000000000000000000000000
