000000000000000000000000000000
000000000000000000000000000000
000000000000000000000000000000
000000000000000000000000000000
000000000000000000000011000000
000000000000000000000111000000
000000000000000000001110000000
000001110000000000001100000000
000001110000000000011100000000
000001110000000000111000000000
000001110000000001110000000000
000001110000000001100000000000
000001110000000001100000000000
000001111000000011000000000000
000001110000001110000000000000
000001110000001110000000000000
000001110000011110000000000000
000011111000011000000000000000
000001110001111000000000000000
000001110011111100000000000000
000001110011111110000000000000
000011111011001110000000000000
000001111110001111000000000000
000001111110001111000000000000
000001111100000011110000000000
000011111000000011110000000000
000001110000000001111000000000
000001110000000001111100000000
000001110000000000111100000000
000001110000000000011110000000
000001110000000000011111000000
000001110000000000000111100000
000011110000000000000111110000
000001110000000000000011110000
000001110000000000000011000000
000001110000000000000000000000
000000000000000000000000000000
000000000000000000000000000000
000000000000000000000000000000
000000000000000000000000000000
