000000000000000000000000000000
000000000000000000000000000000
000000000000000000000000000000
000000100000000000000000000000
000000110000000000000000000000
000001111000000000000000000000
000001111000000000000000000000
000001111000000000000000000000
000001111000000000000000000000
000001111000000000000001111000
000001111000000000000011111000
000001110000000000000111110000
000001110000000000111111000000
000011110000000001111100000000
000001111000000011111100000000
000001110000001111110000000000
000011110001111110000000000000
000011110011111110000000000000
000011111111111000000000000000
000011111110001100000000000000
000011111110001110000000000000
000011110000001110000000000000
000011100000001111000000000000
000111100000000111000000000000
000111100000000111110000000000
000111100000000011110000000000
000011100000000001110000000000
000111100000000001110000000000
000111000000000001111000000000
000111000000000001111000000000
000111000000000000011100000000
000000000000000000011110000000
000000000000000000001110000000
000000000000000000001110000000
000000000000000000000111000000
000000000000000000000111110000
000000000000000000000000000000
000000000000000000000000000000
000000000000000000000000000000
000000000000000000000000000000
