000000000000000000000000000000
000000000000000000000000000000
000000000000000000000000000000
000000000000000000000000000000
000000000000000000000000010000
000000000000000000000000110000
000000000000000000000111100000
000101100000000000001111000000
000011100000000000001110000000
000011100000000000011110000000
000011100000000001111000000000
000011100000000001110000000000
000111100000000011110000000000
000011100000000111100000000000
000011100000001111000000000000
000111100000001110000000000000
000111100000011100000000000000
000011100001111000000000000000
000011100001110000000000000000
000111100011111100000000000000
000111101111111100000000000000
000011111110111100000000000000
000011111110011111000000000000
000111111100000111110000000000
000011110000000011110000000000
000011100000000011111100000000
000011100000000001111100000000
000111110000000000111110000000
000011100000000000011111000000
000011100000000000011111110000
000011100000000000000111110000
000111100000000000000001110000
000111100000000000000001000000
000011100000000000000000000000
000011100000000000000000000000
000000000000000000000000000000
000000000000000000000000000000
000000000000000000000000000000
000000000000000000000000000000
000000000000000000000000000000
