000000000000000000000000000000
000000000000000000000000000000
000000000000000000000000100000
000000000000000000000111000000
000000000000000000001110000000
000000000000000000001110000000
000000100000000000011100000000
000001110000000000111000000000
000001110000000001110000000000
000011100000000011110000000000
000011100000000011000000000000
000001110000000111000000000000
000001110000001110000000000000
000011100000001100000000000000
000011100000011100000000000000
000001110000111000000000000000
000001110001111000000000000000
000011100001110000000000000000
000011100001111100000000000000
000001110011111100000000000000
000001110110011110000000000000
000011111110011111000000000000
000011111110001111100000000000
000001111100000111100000000000
000001111000000111100000000000
000011110000000001111000000000
000011110000000001111000000000
000001110000000001111100000000
000001110000000000111110000000
000001110000000000011110000000
000011110000000000001111100000
000001110000000000000111100000
000001110000000000000011000000
000001110000000000000000000000
000001110000000000000000000000
000001110000000000000000000000
000001110000000000000000000000
000000000000000000000000000000
000000000000000000000000000000
000000000000000000000000000000
