000000000000000000000000000000
000000000000000000000000000000
000000000000000000000000000000
000000000000000000000000000000
000000000000000000000000000000
000000000000000000000000010000
000000000000000000000011110000
000000000000000000001111100000
000001100000000000001111000000
000011100000000000011110000000
000011100000000000011100000000
000011100000000001110000000000
000011100000000011110000000000
000111100000000011100000000000
000011100000001111100000000000
000011100000011110000000000000
000011110000111100000000000000
000111100000111100000000000000
000011100001110000000000000000
000011100011111100000000000000
000111110011011110000000000000
000011111111001110000000000000
000011111100001111000000000000
000011111100000111110000000000
000111111000000011110000000000
000011100000000011110000000000
000011110000000001111100000000
000011110000000001111100000000
000011110000000000011110000000
000011100000000000001111000000
000011110000000000001111000000
000011110000000000001110000000
000011110000000000000111100000
000011110000000000000001110000
000011110000000000000001111000
000000000000000000000000000000
000000000000000000000000000000
000000000000000000000000000000
000000000000000000000000000000
000000000000000000000000000000
