000000000000000000000000000000
000000000000000000000000000000
000000000000000000000000000000
000000000000000000000000000000
000010000000000000000000000000
000011110000000000000000000000
000011110000000000000000000000
000011110000000000000000000000
000011110000000000000001100000
000011110000000000000001110000
000011110000000000001111110000
000011110000000000001111000000
000011110000000000111111000000
000011110000000011111000000000
000011110000000111110000000000
000011100000011111100000000000
000011110000011110000000000000
000011110111111000000000000000
000011110111111000000000000000
000011111111101100000000000000
000111111110001110000000000000
000011111100001110000000000000
000011100000001111100000000000
000011100000000011100000000000
000011110000000011110000000000
000011100000000011110000000000
000011100000000000111000000000
000111100000000000111000000000
000011110000000000011100000000
000011100000000000011100000000
000011100000000000001111000000
000011100000000000001111000000
000000000000000000000111000000
000000000000000000000111110000
000000000000000000000001110000
000000000000000000000001111000
000000000000000000000000000000
000000000000000000000000000000
000000000000000000000000000000
000000000000000000000000000000
