000000000000000000000000000000
000000000000000000000000000000
000000000000000000000000000000
000000000000000000000000000000
000001100000000000000000000000
000001100000000000000000000000
000001110000000000000000000000
000001110000000000000111100000
000011100000000000000111100000
000011100000000000001111000000
000001110000000000011110000000
000001110000000001111000000000
000011100000000001111000000000
000011100000000111110000000000
000001110000001111100000000000
000001110000011110000000000000
000011100001111110000000000000
000011100001111000000000000000
000001110011110000000000000000
000011111011111000000000000000
000011111111111100000000000000
000011111110011100000000000000
000001111100011100000000000000
000011111100001110000000000000
000011100000000111000000000000
000011110000000111100000000000
000001110000000011100000000000
000011110000000011110000000000
000011100000000001111000000000
000011110000000011111000000000
000011110000000000111100000000
000011100000000000011110000000
000011100000000000011110000000
000011110000000000011111000000
000011110000000000001111100000
000000000000000000000011100000
000000000000000000000000000000
000000000000000000000000000000
000000000000000000000000000000
000000000000000000000000000000
