000000000000000000000000000000
000000000000000000000000000000
000000000000000000000000000000
000000000000000000000000000000
000000000000000000000000000000
000100000000000000000000000000
000111100000000000000000000000
000111100000000000000000000000
000111100000000000000011100000
000111000000000000001111110000
000011100000000000011110000000
000111100000000011111110000000
000111100000000111111000000000
000111000000000111100000000000
000011100000011111000000000000
000011100000111100000000000000
000111100001111000000000000000
000111000011110000000000000000
000011101111110000000000000000
000111101111111000000000000000
000111111100111100000000000000
000111111100011100000000000000
000011111000011110000000000000
000111110000001111000000000000
000111000000000111100000000000
000111100000000111100000000000
000011100000000011100000000000
000111100000000011110000000000
000111000000000000111000000000
000111100000000000111100000000
000011100000000000111100000000
000111000000000000111110000000
000111000000000000001110000000
000111100000000000000111000000
000011000000000000000111000000
000000000000000000000000000000
000000000000000000000000000000
000000000000000000000000000000
000000000000000000000000000000
000000000000000000000000000000
