000000000000000000000000000000
000000000000000000000000000000
000000000000000000000000000000
000000000000000000000000000000
000000000000000000000000010000
000000000000000000000011110000
000000000000000000000111000000
000000000000000000001111000000
000011100000000000001110000000
000011100000000000011110000000
000011100000000001111000000000
000111100000000011110000000000
000111100000000011100000000000
000111100000000110000000000000
000011100000011110000000000000
000111100000011100000000000000
000111100001111100000000000000
000111100001110000000000000000
000011100011111100000000000000
000111110011111110000000000000
000111101110011110000000000000
000011111110011110000000000000
000011111100001111110000000000
000111111100000011110000000000
000011110000000011110000000000
000011100000000001110000000000
000011110000000001111100000000
000111100000000000011110000000
000011100000000000001110000000
000011100000000000011110000000
000011110000000000001111000000
000011100000000000000111110000
000011100000000000000001111000
000011100000000000000001111000
000011110000000000000000000000
000000000000000000000000000000
000000000000000000000000000000
000000000000000000000000000000
000000000000000000000000000000
000000000000000000000000000000
