000000000000000000000000000000
000000000000000000000000000000
000000000000000000000000000000
000000000000000000000000000000
000010100000000000000000000000
000111100000000000000000000000
000111100000000000000000000000
000111000000000000000000000000
000011100000000000000010000000
000111100000000000000011110000
000111100000000000001111110000
000111100000000000111110000000
000111100000000001111100000000
000111100000000111110000000000
000111100000101111100000000000
000111000001111111000000000000
000111100001111000000000000000
000111101111110000000000000000
000111111111111100000000000000
000111111110011100000000000000
000011111000011100000000000000
000111110000011100000000000000
000111000000001111000000000000
000111100000000111000000000000
000111100000000111100000000000
000111100000000111100000000000
000111000000000001110000000000
000111100000000001111000000000
000111100000000000111000000000
000111000000000000111100000000
000111000000000000011110000000
000010100000000000011110000000
000000000000000000001110000000
000000000000000000000011100000
000000000000000000000011110000
000000000000000000000000000000
000000000000000000000000000000
000000000000000000000000000000
000000000000000000000000000000
000000000000000000000000000000
