000000000000000000000000000000
000000000000000000000000000000
000000000000000000000000000000
000000000000000000000000000000
000000000000000000000000000000
000001110000000000000010110000
000001110000000000000011110000
000001110000000000001111000000
000011110000000000011111000000
000011110000000000111100000000
000011110000000011111100000000
000001110000000011110000000000
000011110000000111100000000000
000011110000001111100000000000
000001110000111110000000000000
000001110000111100000000000000
000011110001111000000000000000
000011110111111100000000000000
000001111111111100000000000000
000001111111001110000000000000
000011111110001111000000000000
000011111000001111000000000000
000001111000000111000000000000
000001110000000011110000000000
000011110000000001110000000000
000001110000000001111000000000
000001110000000001111000000000
000001110000000000111000000000
000011110000000000011100000000
000001110000000000001110000000
000001110000000000001110000000
000001110000000000001111000000
000011110000000000000111000000
000011100000000000000011100000
000000000000000000000011100000
000000000000000000000000000000
000000000000000000000000000000
000000000000000000000000000000
000000000000000000000000000000
000000000000000000000000000000
