000000000000000000000000000000
000000000000000000000000000000
000000000000000000000000000000
000000000000000000000000000000
000000000000000000000000000000
000010000000000000000000100000
000011100000000000000111100000
000011100000000000001111000000
000011100000000000011100000000
000111000000000000111100000000
000111100000000000111000000000
000011100000000011110000000000
000011100000000111100000000000
000111000000000111100000000000
000111100000011110000000000000
000011100000111100000000000000
000011100001111000000000000000
000111000001111000000000000000
000111000111110000000000000000
000011101111111000000000000000
000011111111111100000000000000
000111111010011100000000000000
000111111000011110000000000000
000011110000011111000000000000
000011110000001111100000000000
000111000000000011111000000000
000111100000000011111000000000
000011100000000011111000000000
000111100000000000111100000000
000111000000000000011111000000
000111100000000000011111000000
000011100000000000001111100000
000111100000000000000011110000
000111100000000000000001000000
000011100000000000000000000000
000000000000000000000000000000
000000000000000000000000000000
000000000000000000000000000000
000000000000000000000000000000
000000000000000000000000000000
