000000000000000000000000000000
000000000000000000000000000000
000000000000000000000000000000
000000000000000000000000000000
000000000000000000000000000000
000000000000000000000000010000
000000000000000000000011110000
000000100000000000001111100000
000001110000000000001111000000
000011100000000000011110000000
000011100000000000011100000000
000011100000000011110000000000
000011110000000011110000000000
000011100000000011100000000000
000011100000011111000000000000
000011110000011110000000000000
000011110000111100000000000000
000011100000111000000000000000
000011100011111000000000000000
000011110011111110000000000000
000001111111011110000000000000
000011111111001110000000000000
000011111100001111100000000000
000011111100000111110000000000
000001111000000011110000000000
000011100000000011110000000000
000011110000000001111000000000
000011110000000001111100000000
000011110000000000011100000000
000011110000000000011110000000
000011110000000000011110000000
000011110000000000001110000000
000011110000000000000111000000
000011100000000000000001110000
000011110000000000000001110000
000000000000000000000000000000
000000000000000000000000000000
000000000000000000000000000000
000000000000000000000000000000
000000000000000000000000000000
