000000000000000000000000000000
000000000000000000000000000000
000010100000000000000000000000
000000111000000000000000000000
000000111000000000000000000000
000000111000000000000000000000
000001110000000000000011100000
000000111000000000000011110000
000000111000000000011111110000
000000111000000000011110000000
000001110000000000111100000000
000001111000000011111100000000
000000111000000111100000000000
000000111000001111100000000000
000001110000011111000000000000
000001111001111110000000000000
000000111001111000000000000000
000000111111111100000000000000
000001111111111110000000000000
000001111110001110000000000000
000000111110001110000000000000
000001111100000111000000000000
000001110000000011100000000000
000001111000000111100000000000
000000111000000011100000000000
000001111000000001110000000000
000001110000000000110000000000
000001111000000001111000000000
000000111000000000011100000000
000001111000000000011100000000
000001110000000000001100000000
000001111000000000011100000000
000000111000000000001110000000
000000000000000000000111000000
000000000000000000000011100000
000000000000000000000011100000
000000000000000000000011100000
000000000000000000000000000000
000000000000000000000000000000
000000000000000000000000000000
