000000000000000000000000000000
000000000000000000000000000000
000000000000000000000000000000
000000000000000000000000000000
000000000000000000000000110000
000000000000000000000001110000
000000000000000000000011100000
000000000000000000001111000000
000000000000000000001110000000
000001100000000000011100000000
000001100000000000111100000000
000001100000000011110000000000
000011100000000011100000000000
000011100000000011100000000000
000011100000001110000000000000
000011100000001100000000000000
000111110000111100000000000000
000111100001110000000000000000
000011100001111100000000000000
000011100011111100000000000000
000111100011111110000000000000
000011111110011111000000000000
000011111100001111110000000000
000011111100000011110000000000
000111110000000011110000000000
000011100000000000111100000000
000011100000000001111100000000
000011100000000000011110000000
000111100000000000001111000000
000011100000000000001111100000
000011100000000000000111110000
000111110000000000000011110000
000111100000000000000001111000
000011100000000000000000001000
000011110000000000000000000000
000000000000000000000000000000
000000000000000000000000000000
000000000000000000000000000000
000000000000000000000000000000
000000000000000000000000000000
