000000000000000000000000000000
000000000000000000000000000000
000000000000000000000000000000
000000000000000000000000000000
000000000000000000000001110000
000000000000000000000011100000
000000000000000000000111000000
000000000000000000001110000000
000011100000000000001100000000
000011100000000000111100000000
000011100000000001111000000000
000111000000000001110000000000
000111100000000011100000000000
000111100000001110000000000000
000011100000001110000000000000
000111100000011110000000000000
000111100001111100000000000000
000011100001110000000000000000
000011100001111000000000000000
000111000011111110000000000000
000111101110011111000000000000
000011111110001111000000000000
000011111100001111110000000000
000111110000000111111000000000
000111110000000001111000000000
000011100000000001111100000000
000011100000000001111110000000
000111100000000000001111000000
000011100000000000001111100000
000011100000000000001111111000
000111110000000000000001111000
000111100000000000000000100000
000011100000000000000000000000
000011100000000000000000000000
000111110000000000000000000000
000000000000000000000000000000
000000000000000000000000000000
000000000000000000000000000000
000000000000000000000000000000
000000000000000000000000000000
