000000000000000000000000000000
000000000000000000000000000000
000000000000000000000000000000
000000000000000000100000000000
000000000000000000110000000000
000000000000000001111000000000
000000000000000001111000000000
000000000000000011110000000000
000000000000000111100000000000
000000000000000111100000000000
000000000000000111100000000000
000000000000001111000000000000
000000000000001111000000000000
000000000000001111000000000000
000000000000011110000000000000
000000000000011110000000000000
000000000000011110000000000000
000000000000011110000000000000
000000000000111100000000000000
000000000001111000000000000000
000000000001110000000000000000
000000000011110000000000000000
000000000011110000000000000000
000000000011110000000000000000
000000000011100000000000000000
000000000111100000000000000000
000000000111100000000000000000
000001000111100000000000000000
000001101111111000000000000000
000000000001111100000000000000
000000000000111110000000000000
000000000000001110000000000000
000000000000000111110000000000
000000000000000111111000000000
000000000000000000111110000000
000000000000000000011111100000
000000000000000000000111100000
000000000000000000000000000000
000000000000000000000000000000
000000000000000000000000000000
