000000000000000000000000000000
000000000000000000000000000000
000000000000000000000000000000
000000000000000000000000000000
000000000000000000000000000000
000000000000000000000000000000
000000001000000000000000000000
000000011100000000000000000000
000000011100000000000000000000
000000011100000000000000000000
000000111000000000000000000000
000000111100000000000000000000
000000011100000000000000000000
000000111100000000000000000000
000000111100000000000000000000
000000111100000000000000000000
000000011100000000000000000000
000000111100000000000000000000
000000111100000000000000000000
000000011100000000000000000000
000000011100000000000000000000
000000111110000000000000000000
000000111100000000000000000000
000000011100000000000000000000
000000011100000000000000000000
000000111100000000000000000000
000000111100000000000000000000
000000011100000000000000000000
000000011100000000000000000000
000000111100000000000000000000
000000111100000010001000000000
000000011101111111111111000000
000000011111111111111111000000
000000111111111111111111000000
000000000000000000000000000000
000000000000000000000000000000
000000000000000000000000000000
000000000000000000000000000000
000000000000000000000000000000
000000000000000000000000000000
