000000000000000000000000000000
000000000000000000000000000000
000000000000000000000000000000
000000000000000000000000000000
000000000000000000000000000000
000000000001110000000000000000
000000000001110000000000000000
000000000011110000000000000000
000000000011100000000000000000
000000000111100000000000000000
000000000011100000000000000000
000000000111100000000000000000
000000000111100000000000000000
000000000111100000000000000000
000000000111000000000000000000
000000000111000000000000000000
000000001111000000000000000000
000000000111000000000000000000
000000001111000000000000000000
000000001110000000000000000000
000000011110000000000000000000
000000001110000000000000000000
000000001110000000000000000000
000000011100000000000000000000
000000011110000000000000000000
000000011110000000000000000000
000000011100000000000000000000
000000111100000000000000000000
000000011100000000000000000000
000000011100000000000000000000
000000111110100000000000000000
000000111111111111000000000000
000000111111111111110000000000
000000000011011111111110000000
000000000000000101111110000000
000000000000000000000000000000
000000000000000000000000000000
000000000000000000000000000000
000000000000000000000000000000
000000000000000000000000000000
