000000000000000000000000000000
000000000000000000000000000000
000000000000000000000000000000
000000000000000111000000000000
000000000000000111000000000000
000000000000001111000000000000
000000000000001110000000000000
000000000000001110000000000000
000000000000001110000000000000
000000000000011110000000000000
000000000000011100000000000000
000000000000011100000000000000
000000000000011100000000000000
000000000000111100000000000000
000000000000111000000000000000
000000000000111000000000000000
000000000000111000000000000000
000000000001111000000000000000
000000000001110000000000000000
000000000001110000000000000000
000000000001110000000000000000
000000000011110000000000000000
000000000011100000000000000000
000000000011100000000000000000
000000000011100000000000000000
000000000111100000000000000000
000000000111000000000000000000
000000000111000000000000000000
000000000111000000000000000000
000000001111000000000000000000
000000001111111111111000000000
000011001111111111111111100000
000010001111111111111111100000
000000000000000000000111000000
000000000000000000000000000000
000000000000000000000000000000
000000000000000000000000000000
000000000000000000000000000000
000000000000000000000000000000
000000000000000000000000000000
