000000000000000000000000000000
000000000000000000000000000000
000000000000000000000000000000
000000000000000000000000000000
000000000000000000000000000000
000000000000000000000000000000
000000110000000000000000000000
000000111000000000000000000000
000001110000000000000000000000
000001110000000000000000000000
000001111000000000000000000000
000001111000000000000000000000
000001110000000000000000000000
000001110000000000000000000000
000001111000000000000000000000
000001111000000000000000000000
000001110000000000000000000000
000001111000000000000000000000
000001111000000000000000000000
000000111000000000000000000000
000001110000000000000000000000
000001111000000000000000000000
000000111000000000000000000000
000000111000000000000000000000
000001111000000000000000000000
000001111000000000000000000000
000001111000000000000000000000
000001111000000000000000000000
000001111000000000000001000000
000001111000001101111111000000
000000111011111111111110000000
000001111111111111111110000000
000001111111100010000000000000
000000000000000000000000000000
000000000000000000000000000000
000000000000000000000000000000
000000000000000000000000000000
000000000000000000000000000000
000000000000000000000000000000
000000000000000000000000000000
