000000000000000000000000000000
000000000000000000000000000000
000000000000000000000000000000
000000000000000000000000000000
000000000000000000000000000000
000000000000000000100000000000
000000000000000001110000000000
000000000000000011110000000000
000000000000000111100000000000
000000000000001111100000000000
000000000000000111100000000000
000000000000001111000000000000
000000000000011110000000000000
000000000000011110000000000000
000000000000011110000000000000
000000000000111100000000000000
000000000000111100000000000000
000000000001111000000000000000
000000000001111000000000000000
000000000001110000000000000000
000000000011110000000000000000
000000000111100000000000000000
000000000111100000000000000000
000000000111100000000000000000
000000001111000000000000000000
000000011110000000000000000000
000000001110000000000000000000
000000011110000000000000000000
000000111110000000000000000000
000000111111101000000000000000
000000011111111111000000000000
000000000001111111110000000000
000000000000001111111100000000
000000000000000101111110000000
000000000000000000111110000000
000000000000000000000000000000
000000000000000000000000000000
000000000000000000000000000000
000000000000000000000000000000
000000000000000000000000000000
