000000000000000000000000000000
000000000000000000000000000000
000000000000000000000000000000
000000000000000000000000000000
000000000000000000000000000000
000000000000000000000000000000
000000011000000000000000000000
000000011000000000000000000000
000000011000000000000000000000
000000110000000000000000000000
000000111000000000000000000000
000000111000000000000000000000
000000111000000000000000000000
000001111000000000000000000000
000001111000000000000000000000
000000111000000000000000000000
000001111000000000000000000000
000001111000000000000000000000
000001111000000000000000000000
000000111000000000000000000000
000001111000000000000000000000
000001111000000000000000000000
000001111000000000000000000000
000000111000000000000000000000
000001111000000000000000000000
000001111000000000000000000000
000000111000000000000000000000
000000111000000000010010000000
000001111100000101111111000000
000001111001111111111111000000
000000111111111111111000000000
000000111111110110000000000000
000001111001100000000000000000
000000000000000000000000000000
000000000000000000000000000000
000000000000000000000000000000
000000000000000000000000000000
000000000000000000000000000000
000000000000000000000000000000
000000000000000000000000000000
