000000000000000000000000000000
000000000000000000000000000000
000000000000000000000000000000
000000000000000000000000000000
000000000000000000000000000000
000000000110000000000000000000
000000000111000000000000000000
000000001111000000000000000000
000000001110000000000000000000
000000001110000000000000000000
000000011111000000000000000000
000000001110000000000000000000
000000001110000000000000000000
000000011110000000000000000000
000000001110000000000000000000
000000001110000000000000000000
000000011110000000000000000000
000000011100000000000000000000
000000001110000000000000000000
000000011100000000000000000000
000000011100000000000000000000
000000011110000000000000000000
000000011100000000000000000000
000000011100000000000000000000
000000011100000000000000000000
000000111100000000000000000000
000000011100000000000000000000
000000011100000000000000000000
000000111000000000000000000000
000000111100000000000000000000
000000111100000000000000000000
000000111001000000011011000000
000000111111111111111111000000
000000111111111111111110000000
000000000000000000000000000000
000000000000000000000000000000
000000000000000000000000000000
000000000000000000000000000000
000000000000000000000000000000
000000000000000000000000000000
