000000000000000000000000000000
000000000000000000000000000000
000000000000000000000000000000
000000000000000000000000000000
000000000011000000000000000000
000000000011000000000000000000
000000000111000000000000000000
000000000111000000000000000000
000000001111000000000000000000
000000001110000000000000000000
000000000111000000000000000000
000000001111000000000000000000
000000001110000000000000000000
000000001110000000000000000000
000000001111000000000000000000
000000001110000000000000000000
000000001110000000000000000000
000000011111000000000000000000
000000001110000000000000000000
000000001110000000000000000000
000000011100000000000000000000
000000011110000000000000000000
000000001110000000000000000000
000000011100000000000000000000
000000011100000000000000000000
000000011110000000000000000000
000000011100000000000000000000
000000011100000000000000000000
000000111100000000000000000000
000000111100000000000000000000
000000011100000000000000000000
000000111100100000000101000000
000000111111111011011111000000
000000011111111111111111000000
000000111111111111110110000000
000000000000000000000000000000
000000000000000000000000000000
000000000000000000000000000000
000000000000000000000000000000
000000000000000000000000000000
