000000000000000000000000000000
000000000000000000000000000000
000000000000000000001000000000
000000000000000000001110000000
000000000000000000111110000000
000000000000000000111100000000
000000000000000001111000000000
000000000000000001111000000000
000000000000000001111000000000
000000000000000011111000000000
000000000000000111100000000000
000000000000000111100000000000
000000000000000111100000000000
000000000000001111000000000000
000000000000001111000000000000
000000000000011111000000000000
000000000000111100000000000000
000000000000111100000000000000
000000000000111100000000000000
000000000000111000000000000000
000001100001111000000000000000
000001000011110000000000000000
000001000111110000000000000000
000001000111100000000000000000
000001100111100000000000000000
000001100111100000000000000000
000000001111110000000000000000
000000000011110000000000000000
000000000011111100000000000000
000000000000111100000000000000
000000000000001111000000000000
000000000000000111110000000000
000000000000000111111000000000
000000000000000001111000000000
000000000000000000111110000000
000000000000000000000111000000
000000000000000000000111000000
000000000000000000000000000000
000000000000000000000000000000
000000000000000000000000000000
