000000000000000000000000000000
000000000000000000000000000000
000000000000000000000000000000
000000000000000000000000000000
000000000000000000000000000000
000000000000000000000000000000
000000011100000000000000000000
000000011100000000000000000000
000000111100000000000000000000
000000111000000000000000000000
000000111100000000000000000000
000000011100000000000000000000
000000111000000000000000000000
000000111100000000000000000000
000000111100000000000000000000
000000011100000000000000000000
000000111000000000000000000000
000000111100000000000000000000
000000011100000000000000000000
000000011100000000000000000000
000000111100000000000000000000
000000111100000000000000000000
000000111100000000000000000000
000000011100000000000000000000
000000111100000000000000000000
000000111100000000000000000000
000000011100000000000000000000
000000111100000000000000000000
000000111100000000000000000000
000000111100000010011000000000
000000011101111111111111000000
000000111111111111111111000000
000000111111111111111111000000
000000000000000000000000000000
000000000000000000000000000000
000000000000000000000000000000
000000000000000000000000000000
000000000000000000000000000000
000000000000000000000000000000
000000000000000000000000000000
