000000000000000000000000000000
000000000000000000000000000000
000000000000000000000000000000
000000000000000000000000000000
000000000000000000000000000000
000000000000000000001110000000
000000000000000000011110000000
000000000000000000111100000000
000000000000000000111000000000
000000000000000001111000000000
000000000000000011111000000000
000000000000000111110000000000
000000000000000011110000000000
000000000000000111100000000000
000000000000001111000000000000
000000000000001111000000000000
000000000000011110000000000000
000000000000111100000000000000
000000000000111100000000000000
000000000000111100000000000000
000000000001111000000000000000
000000000001110000000000000000
000000000011110000000000000000
000000000111100000000000000000
000000001111000000000000000000
000000001111100000000000000000
000000011111000000000000000000
000000111110100000000000000000
000000111111111000000000000000
000000000111111100000000000000
000000000001111111000000000000
000000000000001111111000000000
000000000000000111111100000000
000000000000000001111110000000
000000000000000000101110000000
000000000000000000000000000000
000000000000000000000000000000
000000000000000000000000000000
000000000000000000000000000000
000000000000000000000000000000
