000000000000000000000000000000
000000000000000000000000000000
000000000000000000000000000000
000000000000000000000000000000
000000000000000001000000000000
000000000000000001000000000000
000000000000000001000000000000
000000111000000000100000000000
000000111000000000000000000000
000000111100000000000000000000
000000111000000000000000000000
000000111000000000000000000000
000000111100000000000000000000
000000011100000000000000000000
000000111000000000000000000000
000000111000000000000000000000
000000111100000000000000000000
000000111100000000000000000000
000000111000000000000000000000
000000111000000000000000000000
000000111100000000000000000000
000000111100000000000000000000
000000111000000000000000000000
000000111000000000000000000000
000000011100000000000000000000
000000111100000000000000000000
000000111000000000000000000000
000000111000000000000000000000
000000011100000000000000000000
000000111000000000000000000000
000000111000000000000000000000
000000111000000000000000000000
000000111100000001000110000000
000000111110011111111110000000
000000111111111111111110000000
000000111111111111111000000000
000000000000000000000000000000
000000000000000000000000000000
000000000000000000000000000000
000000000000000000000000000000
