000000000000000000000000000000
000000000000000000000000000000
000000000000000000000000000000
000000000000000000000000000000
000000000000000000000000000000
000000000000000000110000000000
000000000000000001111000000000
000000000000000111110000000000
000000000000000111100000000000
000000000000000011100000000000
000000000000000111100000000000
000000000000001111000000000000
000000000000011110000000000000
000000000000001110000000000000
000000000000011110000000000000
000000000000111100000000000000
000000000000011000000000000000
000000000000111100000000000000
000000000001111000000000000000
000000000011110000000000000000
000000000001110000000000000000
000000000011110000000000000000
000000000111100000000000000000
000000000111000000000000000000
000000001111000000000000000000
000000001111000000000000000000
000000011110000000000000000000
000000011110000000000000000000
000000111100000000000000000000
000000111100000000000000000000
000000111111100000000000000000
000000111111111010000000000000
000000000111111111011000000000
000000000000011111111111000000
000000000000000011111111000000
000000000000000000000000000000
000000000000000000000000000000
000000000000000000000000000000
000000000000000000000000000000
000000000000000000000000000000
