000000000000000000000000000000
001000000000000000000000000000
000000000000000000000000000000
000100000000000000000000000000
001111000000000000000000000000
001111100000000000000000000000
001111100000000000000000000000
001111100000000000000000000000
011111110000000000000000110000
001111100000000000000001110000
001111110000000000000001111100
001111111000000000000111111100
011111011000000000000011111000
001110111000000000000111111100
001110111100000000001111111100
001110011100000000001111111000
011110001100000000001111111000
001110011100000000001110011100
001110011100000000011110011100
001110000110000000011110111000
011110000110000000011100111000
011110000110000000011100011100
001110000110000000111000011100
001110000111000000111000111000
011110000011100000111000111000
011110000011000000110000111100
001110000011000011110000011100
011110000011000001100000111000
011100000001110001100000111000
001110000001100111100000111000
001110000001110011000000111100
011110000001111111000000111000
011100000000111111000000111000
001110000000111110000000111000
000010000000111110000000111100
000000000000011110000000111000
000000000000001110000000111000
000000000000000000000000111000
000000000000000000000000111100
000000000000000000000000000000
