000000000000000000000000000000
000000000000000000000000000000
000000000000000000000000000000
010000000000000000000000000000
011110000000000000000000000000
111111100000000000000000000000
011111100000000000000000000000
011111100000000000000000000000
011111100000000000000000010000
111111110000000000000000011000
011111110000000000000000011111
011111110000000000000001111111
011101110000000000000001111111
111110111000000000000011111110
011100111100000000000011111111
011100011000000000000011111111
111100111110000000000011111111
011110011110000000000111001110
011100001110000000011111101111
011100001110000000001110001111
111100000111000000001110001111
011100000111000000011100001111
011100000111000000111110001111
011100000111000000011100001111
111100000011100000111000001110
011100000011100001110000001111
011100000011100011100000001111
111100000001110001110000001111
111100000001111011110000001110
011100000001111111100000001111
011100000000111111000000001111
011100000000111111000000001110
100000000000011111000000001110
000000000000000100000000011111
000000000000000000000000001111
000000000000000000000000001110
000000000000000000000000000000
000000000000000000000000000000
000000000000000000000000000000
000000000000000000000000000000
