000000000000000000000000000000
000000000000000000000000000000
000000000000000000000000000000
010000000000000000000000000000
011111000000000000000000000000
011111100000000000000000000000
011111100000000000000000000000
011111100000000000000000000000
011111110000000000000000011000
011111110000000000000000011111
011111110000000000000000011111
011111110000000000000001111111
111110111000000000000001111110
011110111000000000000011111111
011100111100000000000011111111
011100011100000000000011111111
011110011110000000000011111111
011110011110000000000111100111
011100001110000000000111101111
111100000111000000001110001111
011110000111000000001110001111
011100000111000000011110000111
011100000111000000011110000111
111100000011100000011100001111
011100000011100000011000001111
011100000011100001111100000111
111100000011110000110000001111
111100000000110001110000001111
011100000001111011110000001111
011100000001111011110000000111
011100000000011111110000001111
000110000000111111000000001110
000000000000011111000000000111
000000000000001100000000001111
000000000000000000000000001111
000000000000000000000000001110
000000000000000000000000000000
000000000000000000000000000000
000000000000000000000000000000
000000000000000000000000000000
