000000000000000000000000000000
000000000000000000000000000000
000000000000000000000000000000
000000000000000000000001000000
000000000000000000000001111100
000000000000000000000001111100
000010000000000000000011111100
011111100000000000000111111100
001111100000000000000111111100
011111100000000000000111111100
011111100000000000001111111100
011111110000000000001111111100
001111110000000000001110011100
011111110000000000001110011100
011111111100000000001110011100
001110111000000000011100111100
001110111000000000111000011100
001110111000000000011100011100
011100001110000000011000111100
001110011100000000111000111000
001110011110000001110000011100
001110001110000000110000011100
011100000111000000110000111100
001110000111000001100000111000
001110000111000011000000011100
001110000111000001100000011100
011100000011100011100000111100
001110000011100011000000111100
001110000011100111000000011100
001110000011111111000000011100
011110000001111110000000111100
001110000000111110000000111100
001110000000111110000000011100
001110000000011110000000000000
011110000000011100000000000000
001110000000000000000000000000
001110000000000000000000000000
000000000000000000000000000000
000000000000000000000000000000
000000000000000000000000000000
