000000000000000000000000000000
000000000000000000000000000000
000000000000000000000000000000
000000000000000000000000000000
000000000000000000000000000000
000000000000000000000000011100
000000000000000000000000111110
000000000000000000000000111110
001110000000000000000011111110
011111100000000000000011111110
011111100000000000000001111110
011111110000000000000011111110
011111110000000000000111111110
111111111000000000000111111110
011111110000000000000111001110
011111111100000000000111001110
011110111100000000001111011110
111100011100000000001110011110
011100011100000000001110001110
011100011110000000011110001110
011110011110000000011100011100
011100000111000000011100011110
011100000110000000011000001110
011110000111000001111000001110
011110000011100000111000011100
011100000011100000110000001110
011110000011110001110000001110
011110000011110011110000001110
001110000000110001100000011100
011100000000111111100000011110
011110000001111111100000001110
011110000000011111000000001110
011110000000011111000000011100
011110000000011111000000011110
011110000000011000000000001110
000000000000000000000000000000
000000000000000000000000000000
000000000000000000000000000000
000000000000000000000000000000
000000000000000000000000000000
