000000000000000000000000000000
000000000000000000000000000000
000000000000000000000000000000
000000000000000000000000000000
000100000000000000000000011000
001111100000000000000000111000
001111100000000000000001111100
011111100000000000000001111100
011111100000000000000011111100
011111110000000000000011111110
011111111000000000000111111100
011111110000000000000111111100
011110111100000000000111111100
011110111100000000001110001110
011110011100000000001110011100
011100011100000000001111011100
011110011100000000001110011100
001110011110000000011100011110
011110000110000000011100011100
011100001111000000011100011100
011110000111000000111100011100
011110000111100000110000111100
011100000011100000110000011100
011110000011100001111000011100
011110000011000001101000011100
011110000011110001100000111100
011100000000110011110000011100
011100000001111011100000011100
011110000001111111000000011100
001110000000111111000000111000
011100000000011111000000011100
011100000000111111000000011100
011110000000011110000000011100
000000000000000100000000111000
000000000000000000000000011100
000000000000000000000000011100
000000000000000000000000000000
000000000000000000000000000000
000000000000000000000000000000
000000000000000000000000000000
