000000000000000000000000000000
000000000000000000000000000000
000000000000000000000000001000
000000000000000000000001111100
000000000000000000000001111100
000000000000000000000001111100
000000000000000000000011111000
000011000000000000000111111100
001111100000000000000011111100
001111100000000000000011111100
011111110000000000000111111000
001111110000000000001111111100
001111110000000000000111011100
001111110000000000001110011100
011111111000000000001110111100
001111111000000000001100011100
001110111100000000001100011100
011110111100000000011100011100
001110011100000000011100011100
001110001110000000011000011100
001110011110000000011000011100
001110011110000000111000011100
001111000111000000110000011100
001110000111000000110000011100
001110000111000000111000011100
001110000011100001110000011100
001111000011100001100000011110
001110000011100011100000011100
001110000011110001100000011100
001110000001110001100000011100
001110000000111011000000011110
001110000001111111000000011100
001110000001111111000000011100
011111000000011111000000011000
001110000000011111000000000000
001110000000111100000000000000
001110000000001000000000000000
000000000000000000000000000000
000000000000000000000000000000
000000000000000000000000000000
