000000000000000000000000000000
000000000000000000000000000000
000000000000000000000000000000
000000000000000000000000000000
000000000000000000000000000000
000000000000000000000000111000
000100000000000000000000111110
001111100000000000000000111110
001111110000000000000011111110
011111110000000000000001111110
011111100000000000000011111110
011111110000000000000011111110
001111111000000000000111111110
011111111000000000000111001110
011110111100000000000111001110
011110011100000000000111001110
001110011100000000001110011110
011100001110000000001110001110
011110011110000000001110001110
001110001110000000011110001110
001110000111000000011100011110
011100000011000000011100011110
011110000111100000011000001110
001110000011100001111100001110
001110000001100000110000011100
011110000001100000110000011110
011110000011110001110000001110
001110000000110001100000001110
001110000000111111100000011100
011110000000111111100000011100
011110000000111111100000001100
001110000000011111000000001100
001110000000011111000000011000
011110000000001111000000011000
000000000000000000000000000000
000000000000000000000000000000
000000000000000000000000000000
000000000000000000000000000000
000000000000000000000000000000
000000000000000000000000000000
