000000000000000000000000000000
000000000000000000000000000000
000100000000000000000000000000
001111110000000000000000000000
001111100000000000000000000000
001111110000000000000000000000
001111110000000000000000000000
001111110000000000000001111000
001111110000000000000001111100
001111111000000000000001111100
001111111000000000000011111000
001110011000000000000011111100
001110011100000000000111111100
001110011100000000001111111100
001110011100000000001111111000
001110001100000000001110111100
001110011100000000001110011100
001110001110000000011100011100
001110000110000000011100111000
001110000111000000011100011100
001110000110000000011100011100
001110000111000000111000011100
011110000111100000111000111000
011110000011100000110000011100
001110000011000010110000011100
001110000011100001110000111100
011110000011100001100000111000
011110000000110001100000111100
001110000001100111100000011100
001110000001110111000000111100
011110000000111111000000111000
011110000000111111000000111000
000010000000111110000000011100
000000000000111110000000111100
000000000000011110000000111000
000000000000000110000000111000
000000000000000000000000011100
000000000000000000000000000000
000000000000000000000000000000
000000000000000000000000000000
