000000000000000000000000000000
000000000000000000000000000000
000000000000000000000000000000
000000000000000000000000000000
000101100000000000000000000000
001111110000000000000000011000
001111110000000000000000111000
001111110000000000000000111110
001111110000000000000011111110
011111111000000000000001111100
001111111000000000000011111110
001111111000000000000011111110
001111011110000000000111111110
001110011110000000000111111100
001110011100000000000111001110
001110001100000000001111001110
001111001110000000001111011100
001110001111000000001110011100
001110000110000000001110011110
001111000111000000011100001110
001111000011000000011100011100
001110000011100000011100011100
001110000011100000011000011110
001110000001100001111000001110
011111000001100000110000011100
001110000001110000110000011100
001110000001110011110000011100
001110000000110001100000001110
011111000000111101100000011100
001110000000111111100000011100
001110000000111111100000011100
001111000000011111000000011110
011111000000011111000000011100
000000000000001111000000011100
000000000000000000000000011100
000000000000000000000000011110
000000000000000000000000000000
000000000000000000000000000000
000000000000000000000000000000
000000000000000000000000000000
