000000000000000000000000000000
000000000000000000000000000000
000000000000000000000000000000
010000000000000000000000000000
011010000000000000000000000000
011110000000000000000000000000
111111100000000000000000000000
011111100000000000000000000000
011111100000000000000000011010
111111100000000000000000111110
111111110000000000000000111110
011111110000000000000001111111
011111110000000000000001111110
111101110000000000000001111110
111110111000000000000011111110
011100111100000000000111111111
111100011000000000000111101110
111100111000000000000111001110
111100011110000000000111001110
011100001110000000011110001111
111100001110000000001110001110
111100001111000000001110001110
111100000111000000111100001110
111100000111000000111100001111
111100000111000000011000001110
111000000011100000111000001110
111100000011100001110000001110
111100000011100011100000001111
111100000001100001110000001110
111000000001111111100000001110
011100000001111111100000011111
001100000000111111000000001111
000000000000111111000000001110
000000000000011111000000001110
000000000000000100000000011111
000000000000000000000000001110
000000000000000000000000000000
000000000000000000000000000000
000000000000000000000000000000
000000000000000000000000000000
