000000000000000000000000000000
000000000000000000000000000000
000000000000000000000000000000
010000000000000000000000000000
011000000000000000000000000000
011111000000000000000000000000
011111100000000000000000000000
011111100000000000000000000000
011111100000000000000000000000
111111110000000000000000011000
011111110000000000000000111111
011111110000000000000000111111
011101110000000000000001111111
111100111000000000000001111110
011110111100000000000011111111
011100111000000000000011111111
011100111000000000000011111111
111110011110000000000111001111
011100001100000000000111000111
011100001100000000001111001111
111100001111000000001110001111
111110000111000000011110001110
011100000111000000111110001111
011100000111000000011110001111
111100000111100000011000001111
111100000011100001111000001110
011100000011100001110000000111
011100000011100001110000001111
111100000001111011100000001110
111100000001111011100000001110
011100000000111111100000001111
011100000000111111000000001111
100000000000011111000000001110
000000000000011110000000001111
000000000000000100000000001111
000000000000000000000000001110
000000000000000000000000000000
000000000000000000000000000000
000000000000000000000000000000
000000000000000000000000000000
