000000000000000000000000000000
000000000000000000000000000000
000000000000000000000000000000
000000000000000000000000111000
000000000000000000000001111100
011111100000000000000011111100
001111100000000000000111111100
011111100000000000000011111100
011111100000000000000111111100
011111110000000000000111111100
001111110000000000001111111110
001111110000000000000111011100
011111110000000000001110011100
001111111000000000001110011100
001110111100000000011100011110
001110111000000000011100011100
011100011110000000011100011100
001110011110000000111100111100
001110011110000000111000011100
001110001110000000111000011100
011100000111000000110000011100
001110000111000001110000111100
001110000111000001100000011100
001110000111000001100000011100
011100000011100011100000011100
001110000011100011100000111110
001110000011100111000000011100
001110000011111011100000011100
011100000000111111000000011100
001110000001111110000000111110
001110000001111110000000011100
001110000000011111000000011100
011110000000111100000000000100
001110000000010100000000000000
001110000000000000000000000000
001110000000000000000000000000
000000000000000000000000000000
000000000000000000000000000000
000000000000000000000000000000
000000000000000000000000000000
