000000000000000000000000000000
000000000000000000000000000000
000000000000000000000000000000
000000000000000000000000000000
011010000000000000000000000000
111110000000000000000000000000
011111100000000000000000000000
011111100000000000000000011010
011111100000000000000000111110
111111110000000000000000111110
011111110000000000000001111111
011111110000000000000001111110
011111110000000000000001111110
111110111000000000000011111110
011110111100000000000111111111
011100111000000000000011101110
111100011000000000000111101110
111110011110000000000111001110
011100011110000000001111101111
011100001110000000001110001110
111100001111000000001110001110
111110000111000000011100001110
011100000111000000111100001111
111100000111000000011100001110
111100000011100000111000001110
111100000011100000111000001110
011100000011100001110000001111
111100000011100001110000001110
111000000001110001110000001110
011100000001111111100000001111
011100000000111111100000001111
001100000000111111100000001110
000000000000111111000000001110
000000000000011111000000011111
000000000000000100000000001110
000000000000000000000000001110
000000000000000000000000000000
000000000000000000000000000000
000000000000000000000000000000
000000000000000000000000000000
