000000000000000000000000000000
000000000000000000000000000000
000000000000000000000000000000
000000000000000000000000000000
000000000000000000000000001111
000000000000000000000000111110
000000000000000000000000111110
000000000000000000000001111111
000000000000000000000011111111
001110000000000000000001111110
011111000000000000000011111110
011111000000000000000011111111
011111100000000000000111110111
111111110000000000000111001110
011111110000000000000111001111
011111110000000000000111001111
011111110000000000001110000111
111100111100000000001110001110
111100111000000000001110001111
011100011100000000011110000111
011100011110000000011000001111
111100001110000000011000001111
111100001110000000011100001111
011100001110000001110000000111
011100000111100000110000001111
111100000011100000110000001111
011100000011100001110000001111
011100000011110011100000000111
011110000001110011100000001111
111100000000111111100000001111
011100000001111111100000001111
011110000000111111000000000111
111110000000011111000000000000
011100000000001110000000000000
011100000000000000000000000000
011110000000000000000000000000
000000000000000000000000000000
000000000000000000000000000000
000000000000000000000000000000
000000000000000000000000000000
