000000000000000000000000000000
000000000000000000000000000000
000000000000000000000000000000
000000000000000000000000000000
010000000000000000000000000000
011010000000000000000000000000
111111100000000000000000000000
011111100000000000000000111110
011111100000000000000000111110
111111100000000000000001111110
111111110000000000000001111110
011111110000000000000011111110
011111110000000000000001111110
011111110000000000000011111110
111110111000000000000111111110
011110111000000000000111101110
011100111000000000000111001110
111100011110000000000111001110
111110011110000000000111011110
011100001100000000011111001110
011100001110000000001110001110
111100000111000000001110011110
011100000111000000111100011110
011100000111000000111000001110
111100000111000000111000001110
111100000011100000111000001110
011100000011100001110000011111
011100000011100001100000001110
111100000011111001110000001110
111000000001111011100000001110
011100000000111111100000011111
011100000000111111100000001110
000000000000011111000000001110
000000000000111111000000001110
000000000000011111000000011111
000000000000000000000000001110
000000000000000000000000000000
000000000000000000000000000000
000000000000000000000000000000
000000000000000000000000000000
