000000000000000000000000000000
000000000000000000000000000000
000000000000000000000000000000
000000000000000000000000000000
000000000000000000000000100000
000000000000000000000000111100
001110000000000000000000111110
001111100000000000000011111100
011111100000000000000011111100
011111100000000000000001111110
011111110000000000000111111110
111111110000000000000111111100
011111110000000000000111111100
011111110000000000000111011110
011110111100000000001110001110
111110011100000000001110011100
011100011110000000001110011100
011100011110000000001110001110
011110011110000000011100001110
011110000110000000011100011100
011100001111000000011100011100
011110000110000000111000001110
011110000011100001110000011110
011100000011100000111000011100
011100000011100000110000011100
011110000011110011100000001110
001110000011110011100000011110
011100000000110001100000011100
011110000001111111100000011100
011110000001111111000000011110
001110000000011111000000011110
011100000000011111000000011100
011110000000011111000000011100
011110000000011000000000011100
000000000000000000000000011100
000000000000000000000000000000
000000000000000000000000000000
000000000000000000000000000000
000000000000000000000000000000
000000000000000000000000000000
