000000000000000000000000000000
000000000000000000000000000000
000000000000000000000000000000
000000000000000000000000000000
000000000000000000000000000000
000000000000000000000000111100
000110000000000000000000111110
001111100000000000000011111110
011111110000000000000011111100
011111100000000000000001111110
011111110000000000000011111110
011111110000000000000111111110
011111111000000000000111111100
011111110000000000000111001110
011110111100000000000111001110
011110011100000000001110011110
011100011110000000001110011100
011100011110000000001110001110
011110011110000000011110001110
001110001110000000011100011100
011100000111000000011100011100
011100000110000000011000001110
011110000111100001111000001110
001110000011100000111000011100
011100000001100000110000011100
011110000011110001110000001110
001110000011110011100000001110
001110000000110001100000011100
011110000000111111100000011100
011110000001111111100000011110
001110000000011111000000001110
011110000000011111000000011100
011110000000011111000000011100
011110000000011000000000011100
000000000000000000000000000000
000000000000000000000000000000
000000000000000000000000000000
000000000000000000000000000000
000000000000000000000000000000
000000000000000000000000000000
