000000000000000000000000000000
000000000000000000000000000000
011000000000000000000000000000
001110000000000000000000000000
001111100000000000000000000000
001111100000000000000000000000
001111100000000000000000000000
011111100000000000000000110000
001111100000000000000001110000
001111110000000000000111111100
001111111000000000000111111000
011110110000000000000111111000
001110111000000000000011111100
001110111100000000001111111100
011110011100000000001111111000
011110011000000000001111111000
011110011000000000001110011100
001110011100000000011100111100
011110000110000000011110111000
011110001100000000011100111000
011110000110000000011100111100
001110000110000000111000111100
011110000111000000111000111000
011100000111000000111000111000
011110000011000001110000111000
001110000011000011110000111100
011100000011000001110000111000
011100000011110001100000111000
001110000001100111000000111000
001110000001110111000000111000
011100000001111011000000111000
011100000001111111000000111000
001110000000111110000000111000
000110000000111110000000111000
000000000000011110000000111000
000000000000011110000000111000
000000000000001000000000111000
000000000000000000000000111000
000000000000000000000000000000
000000000000000000000000000000
