000000000000000000000000000000
000000000000000000000000000000
000000000000000000000000000000
000000000000000000000000000000
000000000000000000000000000000
000000000000000000000000110000
000000000000000000000001110000
000001000000000000000001110000
000011100000000000000001110000
000011111000000000000011110000
000111111100000000000001110000
000111111100000000000001110000
000111111110000000000001110000
001011111111000000000011110000
000111100111100000000001110000
000111100111100000000001110000
000111100111110000000011110000
000011100001111000000001110000
000111000000111100000001110000
000111100000111100000001110000
000011100000111100000011111000
000011100000001111000001110000
000111100000000111000001110000
000111100000000111110001110000
000011100000000011110011111000
000111100000000001110001110000
000111100000000001110001110000
000011100000000001111111110000
000011100000000000011111111000
000111100000000000011111110000
000111100000000000001111110000
000111100000000000000111110000
000011100000000000001111110000
000111100000000000000011110000
000111100000000000000011110000
000000000000000000000000000000
000000000000000000000000000000
000000000000000000000000000000
000000000000000000000000000000
000000000000000000000000000000
