000000000000000000000000000000
000000000000000000000000000000
000000000000000000000000000000
000000000000000000000000000000
000000000000000000000000000000
000011000000000000000000000000
000011110000000000000000000000
000111111000000000000001100000
000011111100000000000001110000
000011111100000000000001110000
000011111110000000000011110000
000111111110000000000011111000
000111111110000000000001110000
000011100111100000000011110000
000011100111100000000011110000
000011100011100000000011110000
000111000011110000000011100000
000111000011110000000011110000
000111000000111000000011110000
000011100000111000000011110000
000111000000111000000011100000
000111000000111110000111100000
000111000000011100000111100000
000111000000011110000011100000
001110000000000111000011100000
000111000000000111100111100000
000111000000000111100111100000
000111000000000011100111000000
001110000000000011111111000000
001110000000000001111111100000
001111000000000000111111000000
000111000000000000011111000000
001110000000000000111111000000
001110000000000000011111000000
001110000000000000011110000000
000000000000000000000000000000
000000000000000000000000000000
000000000000000000000000000000
000000000000000000000000000000
000000000000000000000000000000
