000000000000000000000000000000
000000000000000000000000000000
000000000000000000000000000000
000001110000000000000000000000
000001110000000000000000000000
000001111100000000000000000000
000011111000000000000000000000
000011111100000000000001110000
000001111110000000000011100000
000011111110000000000011100000
000011111110000000000011110000
000011100111000000000001110000
000001110011100000000011100000
000011110011110000000011100000
000011100011110000000011100000
000011100001110000000001110000
000001110001111000000011100000
000011110000111000000011100000
000011100000111100000011100000
000011100000011100000001110000
000001110000011110000011100000
000011100000001110000011100000
000011100000001111000011100000
000011110000001110000011110000
000001110000000011000011100000
000011100000000011100011100000
000011100000000011110011100000
000011110000000011110011110000
000011110000000001110011100000
000011100000000000111011100000
000011100000000000011111100000
000011110000000000011111110000
000011110000000000011111100000
000000000000000000001111100000
000000000000000000001111100000
000000000000000000000111100000
000000000000000000000011100000
000000000000000000000000000000
000000000000000000000000000000
000000000000000000000000000000
