000000000000000000000000000000
000000000000000000000000000000
000000000000000000000000000000
000000000000000000000000000000
000000000000000000000000000000
000000000000000000000000100000
000000000000000000000001110000
000001000000000000000001110000
000011100000000000000011100000
000111111000000000000011110000
000111111000000000000001110000
000111111100000000000001110000
000111111110000000000011100000
000111111111000000000011110000
000111101111000000000001110000
000111100111000000000011110000
000111100111110000000011100000
000111000001111000000001110000
000111000001111000000001110000
000111100000111100000011110000
000011100000111100000011110000
000111000000001111000001110000
000111100000001111000001110000
000111100000000111100011110000
000011100000000111100011110000
000111000000000001110001110000
000111100000000011110001110000
000111100000000001111111100000
000111100000000000111111110000
000111100000000000011111110000
000111100000000000001111110000
000111100000000000001111100000
000111100000000000001111110000
000111000000000000000011110000
000111100000000000000011110000
000000000000000000000000000000
000000000000000000000000000000
000000000000000000000000000000
000000000000000000000000000000
000000000000000000000000000000
