000000000000000000000000000000
000000000000000000000000000000
000000000000000000000000000000
000000000000000000000000000000
000010100000000000000000000000
000111100000000000000000000000
000111110000000000000000000000
000111111100000000000000000000
000011111000000000000001100000
000111111100000000000000111000
000111111100000000000000111000
000111111111000000000001111000
000111100111000000000001110000
000111100111100000000000111000
000111100111100000000001111000
000111000001110000000001111000
000011100001110000000001111000
000111100001111000000000111000
000111100001111100000001111000
000111100000011100000001111000
000111100000011100000001111000
000111100000011110000000111000
000111000000000111100000111000
000111100000000111000001111000
000111100000000111100001110000
000111000000000011111000111000
000111000000000001111001111000
001111100000000000111001111000
000111100000000000111101111000
000111000000000000011111111000
000111000000000000011111111000
000011100000000000001111110000
000000000000000000000111111000
000000000000000000000011111000
000000000000000000000011111000
000000000000000000000001110000
000000000000000000000000000000
000000000000000000000000000000
000000000000000000000000000000
000000000000000000000000000000
