000000000000000000000000000000
000000000000000000000000000000
000010000000000000000000000000
000001110000000000000000000000
000001110000000000000000000000
000001111000000000000000000000
000011111000000000000000000000
000011111000000000000000000000
000011111110000000000011100000
000011111110000000000011100000
000011111110000000000011100000
000011110110000000000011110000
000011110111000000000011100000
000011110011100000000011100000
000011100011110000000011100000
000011100011110000000011100000
000011110001110000000011100000
000011110000111000000011100000
000011100000111000000011100000
000011100000011100000111100000
000011110000011100000011100000
000011100000011110000011100000
000011100000001110000011100000
000011100000001110000111100000
000001110000000110000011100000
000011100000000011100011100000
000011100000000011100011100000
000011100000000011100111110000
000011110000000011110011100000
000011100000000001110011100000
000011100000000000011111100000
000011100000000000111111110000
000011110000000000011111100000
000011100000000000011111100000
000000000000000000001111100000
000000000000000000011111100000
000000000000000000000111100000
000000000000000000000011100000
000000000000000000000000000000
000000000000000000000000000000
