000000000000000000000000000000
000000000000000000000000000000
000000000000000000000000000000
000000000000000000000011100000
000000000000000000000011100000
000000000000000000000011100000
000000110000000000000111100000
000011110000000000000011100000
000011110000000000000011100000
000111111100000000000011100000
000011111110000000000111100000
000011111110000000000011100000
000011111110000000000011100000
000111111111100000000011100000
000011100111100000000111100000
000011100111100000000011100000
000011100011111000000011100000
000011100001111000000011100000
000011100000111000000111110000
000011100000111100000011100000
000011100000011111000011100000
000011110000001110000011100000
000011100000001111000111110000
000011100000001111110011100000
000011100000000011110011100000
000001110000000011111111100000
000011100000000001111111110000
000011100000000000111111100000
000011100000000000111111100000
000001110000000000011111100000
000011100000000000001111110000
000011100000000000000111100000
000011110000000000000011100000
000001110000000000000000000000
000011100000000000000000000000
000011100000000000000000000000
000011110000000000000000000000
000000000000000000000000000000
000000000000000000000000000000
000000000000000000000000000000
