000000000000000000000000000000
000000000000000000000000000000
000000000000000000000000000000
000000000000000000000000000000
000000000000000000000000000000
000000000000000000000000110000
000011100000000000000011110000
000011100000000000000011110000
000111110000000000000011110000
000111110000000000000011110000
000111111100000000000011110000
000011111100000000000011100000
000111111110000000000011110000
000111111110000000000001110000
000111001111000000000011110000
000111100111100000000011110000
000111000111100000000011110000
000111000011110000000001110000
000111000011110000000011100000
000111100001111100000011110000
000111000000011100000011110000
000111000000111100000001110000
000111100000011110000011110000
000111100000001111100011110000
000111000000000011110001110000
000111000000000011110001110000
000111100000000011110011110000
000111000000000001111111110000
000111000000000000011111110000
000111000000000000011111111000
000111100000000000001111110000
000111000000000000001111110000
000111000000000000000001110000
000111100000000000000000000000
000111100000000000000000000000
000000000000000000000000000000
000000000000000000000000000000
000000000000000000000000000000
000000000000000000000000000000
000000000000000000000000000000
