000000000000000000000000000000
000000000000000000000000000000
000000000000000000000000000000
000000000000000000000011100000
000000000000000000000011100000
000000000000000000000011100000
000000100000000000000011110000
000011110000000000000011100000
000011111100000000000011100000
000011111000000000000011100000
000011111100000000000011110000
000011111100000000000011100000
000011111111000000000011100000
000011111111000000000011100000
000011100111100000000001110000
000011100111100000000011100000
000011110011110000000011100000
000011110001111000000011100000
000011100001111000000001110000
000011100001111100000011100000
000011110000011110000011100000
000011110000011111000011100000
000011100000001110000001110000
000011100000000111100011100000
000001110000000111110011100000
000011110000000011110011100000
000011100000000011111111110000
000011100000000000111111100000
000001110000000000111111100000
000011100000000000111111110000
000011100000000000001111110000
000011100000000000000111100000
000011110000000000000111100000
000011100000000000000011100000
000011100000000000000000000000
000011100000000000000000000000
000000000000000000000000000000
000000000000000000000000000000
000000000000000000000000000000
000000000000000000000000000000
