000000000000000000000000000000
000000000000000000000000000000
000000000000000000000000000000
000000000000000000000001100000
000000000000000000000001110000
000000000000000000000001110000
000000000000000000000001110000
000001111000000000000011110000
000001111100000000000001110000
000011111000000000000001110000
000001111110000000000001110000
000001111110000000000011110000
000001111111000000000001110000
000001111111100000000001110000
000001111011110000000001110000
000001110011110000000011110000
000001110011110000000001110000
000011111000111100000001110000
000001110000111100000001110000
000001110000111100000001110000
000001110000011111000001110000
000011111000001111100001110000
000001110000000111000001110000
000001110000000111100001110000
000001110000000011111001110000
000011111000000001111001110000
000001110000000001111011110000
000001110000000001111111110000
000001110000000000011111110000
000011110000000000011111110000
000001110000000000001111110000
000001110000000000000011110000
000011110000000000000011110000
000001110000000000000011110000
000001110000000000000000000000
000001110000000000000000000000
000000000000000000000000000000
000000000000000000000000000000
000000000000000000000000000000
000000000000000000000000000000
