000000000000000000000000000000
000000000000000000000000000000
000000000000000000000000000000
000000000000000000000001000000
000000000000000000000011000000
000000000000000000000011000000
000000000000000000000011000000
000011100000000000000011100000
000011111000000000000011100000
000011111000000000000011100000
000011111100000000000011100000
000011111100000000000011100000
000011111111000000000011100000
000001111111000000000011100000
000011111111000000000011110000
000011100111100000000011100000
000011100111110000000011100000
000011110001111000000011100000
000011100001111000000011110000
000011100001111000000011100000
000011100000011100000011100000
000011110000011111000011100000
000011100000011110000011110000
000011100000001111100011100000
000011100000000111110011100000
000011110000000011110011100000
000011100000000011110011110000
000011100000000001111111110000
000011110000000000111111100000
000011100000000000111111100000
000011100000000000111111110000
000011100000000000000111110000
000111110000000000000111100000
000011100000000000000111100000
000011100000000000000000000000
000011100000000000000000000000
000000000000000000000000000000
000000000000000000000000000000
000000000000000000000000000000
000000000000000000000000000000
