000000000000000000000000000000
000000000000000000000000000000
000000000000000000000000000000
000000000000000000000000000000
000111000000000000000000000000
001111100000000000000000000000
001111100000000000000000000000
000111111000000000000000000000
000111111000000000000001111000
001111111000000000000001110000
001111111110000000000001110000
000111011110000000000011110000
000111001110000000000001110000
001111001111000000000001110000
001111100111100000000011110000
000111000011100000000011110000
000111000011100000000001110000
001111000011111000000001110000
001111000000111000000001110000
000111000000111000000011110000
001111000000111000000001111000
001111000000001110000001110000
001111000000001111000011110000
000111000000001110000011111000
001111000000000111100001110000
001110000000000011100001110000
001111000000000011110011110000
001111000000000001110011111000
001111000000000000111101110000
001110000000000000111111110000
000111000000000000011111110000
000010000000000000011111110000
000000000000000000000111110000
000000000000000000000111110000
000000000000000000000111110000
000000000000000000000000000000
000000000000000000000000000000
000000000000000000000000000000
000000000000000000000000000000
000000000000000000000000000000
