000000000000000000000000000000
000000000000000000000000000000
000000000000000000000000000000
000000000000000000000000000000
000000000000000000000000000000
000001110000000000000000000000
000001110000000000000001110000
000011110000000000000001110000
000011111000000000000001111000
000011111000000000000001111000
000111111110000000000001110000
000011111110000000000001110000
000011111110000000000001111000
000011110111000000000011111000
000111110111100000000001110000
000011100111110000000001110000
000011100011110000000001111000
000011100001111000000011110000
000111110001111000000001110000
000011100001111110000001110000
000011100000011100000001111000
000011100000011110000001110000
000111110000001111000001110000
000011100000000111000001111000
000011100000000111100001111000
000011100000000001110001110000
000111100000000001110001110000
000011100000000000111111111000
000011100000000000111111111000
000011100000000000011111110000
000011100000000000001111111000
000011100000000000000111111000
000011100000000000000111111000
000011110000000000000001100000
000000000000000000000000000000
000000000000000000000000000000
000000000000000000000000000000
000000000000000000000000000000
000000000000000000000000000000
000000000000000000000000000000
