000000000000000000000000000000
000000000000000000000000000000
000000000000000000000000000000
000000000000000000000011100000
000000000000000000000001110000
000000000000000000000001110000
000000010000000000000011110000
000001111000000000000011100000
000001111100000000000001110000
000011111000000000000001110000
000011111110000000000001110000
000001111111000000000011100000
000001111111000000000001110000
000011111111100000000001110000
000001110011110000000001110000
000001110011110000000011110000
000011110011110000000001110000
000011110000111100000001110000
000001110000111100000001110000
000001110000011100000011110000
000001110000011111000001110000
000011110000001111100001110000
000001110000000111000001110000
000001110000000111100011110000
000001110000000111111001110000
000011111000000001111001110000
000001110000000001111111110000
000001110000000000111111110000
000001110000000000011111110000
000011110000000000011111110000
000001110000000000001111110000
000001110000000000000011110000
000011110000000000000011110000
000011110000000000000001110000
000001110000000000000000000000
000001110000000000000000000000
000000000000000000000000000000
000000000000000000000000000000
000000000000000000000000000000
000000000000000000000000000000
