000000000000000000000000000000
000000000000000000000000000000
000000000000000000000000000000
000000000000000000000011100000
000000000000000000000011100000
000000000000000000000001110000
000000000000000000000011110000
000001111000000000000011100000
000001111100000000000011110000
000011111000000000000001110000
000011111110000000000001110000
000001111110000000000011100000
000001111111000000000011110000
000011111111000000000001110000
000011110011110000000001110000
000001110011110000000011100000
000011110011110000000011110000
000011110001111100000001110000
000011110000111100000001110000
000001110000111100000011100000
000001110000011100000001110000
000011110000011111100001110000
000011110000000111000001110000
000001110000000111100011100000
000001110000000111110001110000
000011110000000001111001110000
000011110000000001111111110000
000001110000000000111111100000
000001110000000000111111110000
000011100000000000011111110000
000001110000000000001111110000
000001110000000000000111110000
000011110000000000000011110000
000011100000000000000001110000
000001110000000000000000000000
000001110000000000000000000000
000000000000000000000000000000
000000000000000000000000000000
000000000000000000000000000000
000000000000000000000000000000
