000000000000000000000000000000
000000000000000000000000000000
000000000000000000000000000000
000011100000000000000000000000
000011110000000000000000000000
000011110000000000000000000000
000011111000000000000000000000
000011111100000000000011100000
000111111100000000000011100000
000011111100000000000011100000
000011111110000000000011110000
000011110111000000000011100000
000111101111100000000011100000
000011100011100000000011100000
000011100011100000000111100000
000011100001110000000011100000
000111100001111000000011100000
000011100001110000000011100000
000011100000111000000111000000
000011100000011100000011100000
000011100000011100000011100000
000011100000011100000011100000
000011100000001110000111000000
000111100000000110000011100000
000011100000000011100011100000
000011100000000011000011100000
000011100000000011100111000000
000111100000000011100011100000
000011100000000001110011100000
000011100000000001111111100000
000011100000000000111111000000
000111100000000000011111100000
000111100000000000011111100000
000000000000000000011111100000
000000000000000000011111000000
000000000000000000000111100000
000000000000000000000011100000
000000000000000000000000000000
000000000000000000000000000000
000000000000000000000000000000
