000000000000000000000000000000
000000000000000000000000000000
000000000000000000000000000000
000000000000000000000000000000
000000000000000000000000000000
000000000000000000000000011000
000000000000000000000000111000
000000000000000000000001111000
000001100000000000000001110000
000011111000000000000001111000
000011111000000000000000111000
000011111110000000000001110000
000111111110000000000001110000
000111111110000000000001111000
000011111111100000000000111000
000011100111110000000001110000
000111110011110000000001111000
000111100001111100000000111000
000011100001111100000000111000
000011100000011110000001110000
000111110000011110000001111000
000011100000011111000000111000
000011100000000111000000111000
000011110000000111110001110000
000111100000000001110001111000
000011100000000000111000111000
000011110000000001111001111000
000011110000000000111111110000
000011100000000000001111111000
000011100000000000001111111000
000011110000000000001111111000
000011110000000000000111110000
000011100000000000000111111000
000011110000000000000001111000
000011110000000000000001111000
000000000000000000000000000000
000000000000000000000000000000
000000000000000000000000000000
000000000000000000000000000000
000000000000000000000000000000
