000000000000000000000000000000
000000000000000000000000000000
000000000000000000000000100000
000000000000000000000011100000
000000000000000000000011100000
000000000000000000000001110000
000000100000000000000011110000
000001111000000000000011100000
000001111000000000000011110000
000011111100000000000001110000
000011111111000000000011110000
000001111111000000000011110000
000001111111000000000011110000
000011111111100000000001110000
000011100011110000000011110000
000001110011111000000011100000
000001110011111000000011110000
000011100001111000000011110000
000011100000011100000011110000
000001110000011110000011100000
000001110000011111000001110000
000011110000011111000001110000
000011110000000111100011110000
000001110000000111110011100000
000001110000000011110001110000
000011110000000001111001110000
000011110000000000111111110000
000001110000000000111111100000
000001110000000000111111110000
000001110000000000000111110000
000011110000000000001111110000
000001110000000000000111100000
000001110000000000000001000000
000001110000000000000000000000
000001110000000000000000000000
000001110000000000000000000000
000001110000000000000000000000
000000000000000000000000000000
000000000000000000000000000000
000000000000000000000000000000
