000000000000000000000000000000
000000000000000000000000000000
000000000000000000000000000000
000000000000000000000000000000
000000000000000100000000000000
000000001000111111010000000000
000001011111111111111000000000
000001111111111111111000000000
000011111111000100111110000000
000011110000000000011111000000
000001110000000000000110000000
000001110000000000000011100000
000001110000000000000111100000
000011110000000000000111000000
000001110000000000000111000000
000001110000000000000011100000
000001110000000000000111100000
000011110000000000001110000000
000001110000000000011100000000
000001110000010001111100000000
000001110011111111111000000000
000001111111111111100000000000
000001111111110011000000000000
000001111100000000000000000000
000001110000000000000000000000
000001110000000000000000000000
000001110000000000000000000000
000001110000000000000000000000
000001110000000000000000000000
000001110000000000000000000000
000001110000000000000000000000
000001110000000000000000000000
000001111000000000000000000000
000001110000000000000000000000
000001110000000000000000000000
000001110000000000000000000000
000000000000000000000000000000
000000000000000000000000000000
000000000000000000000000000000
000000000000000000000000000000
