000000000000000000000000000000
000000000000000000000000000000
000000000000000000000000000000
000000000000000000000000000000
000000000000000000000000000000
000000000000000000000000000000
000001001000000000000000000000
000011111100100000000000000000
000011111111110011000000000000
000011111111111111100000000000
000001110001011111101000000000
000011110000000101111100000000
000011110000000000011110000000
000011100000000000000111000000
000001110000000000000111100000
000011110000000000000011100000
000011110000000000000001100000
000011110000000000000011110000
000001110000000000000011100000
000011110000000000000001110000
000011111100000000000011110000
000011111111111001000111100000
000001111111111111101111000000
000011110100111111111110000000
000011100000000011111000000000
000011110000000000000000000000
000011110000000000000000000000
000011100000000000000000000000
000011100000000000000000000000
000001110000000000000000000000
000011110000000000000000000000
000011100000000000000000000000
000011100000000000000000000000
000011110000000000000000000000
000000000000000000000000000000
000000000000000000000000000000
000000000000000000000000000000
000000000000000000000000000000
000000000000000000000000000000
000000000000000000000000000000
