000000000000000000000000000000
000000000000000000000000000000
000000000000000000000000000000
000000000000000000000000000000
000000000000000010010000000000
000000000000011111111000000000
000000010011111111111100000000
000001111111111101111110000000
000001111111100000000110000000
000001111110000000000111000000
000001110000000000000111000000
000001110000000000000111000000
000001110000000000000111000000
000001110000000000000011000000
000001110000000000000110000000
000001111000000000001110000000
000000111000000000000111000000
000000111000000000001100000000
000001111000000000111100000000
000000111000000111111000000000
000000111000011111110000000000
000001111111111111100000000000
000000111111111100000000000000
000000111111100000000000000000
000000111100000000000000000000
000000111100000000000000000000
000000111000000000000000000000
000000111100000000000000000000
000000011100000000000000000000
000000111100000000000000000000
000000011100000000000000000000
000000011100000000000000000000
000000011100000000000000000000
000000011100000000000000000000
000000011100000000000000000000
000000011100000000000000000000
000000000000000000000000000000
000000000000000000000000000000
000000000000000000000000000000
000000000000000000000000000000
