000000000000000000000000000000
000000000000000000000000000000
000000000000000000000000000000
000000000000000000000000000000
000001100000000000000000000000
000001111110000000000000000000
000000111111111011000000000000
000000111111111111101000000000
000001111001111111111100000000
000001110000001100111110000000
000000111000000000111111000000
000000111000000000000011000000
000001110000000000000011000000
000001110000000000000011100000
000000111000000000000111100000
000001111000000000000011100000
000001110000000000000011100000
000001110000000000000011100000
000000111000000000000111000000
000001111000000000001111000000
000001111111101110111110000000
000001111111111111111110000000
000001111111111111111000000000
000001111000011111100000000000
000001110000000000000000000000
000001110000000000000000000000
000001111000000000000000000000
000001110000000000000000000000
000001110000000000000000000000
000001110000000000000000000000
000001111000000000000000000000
000001110000000000000000000000
000001110000000000000000000000
000001110000000000000000000000
000001111000000000000000000000
000000000000000000000000000000
000000000000000000000000000000
000000000000000000000000000000
000000000000000000000000000000
000000000000000000000000000000
