000000000000000000000000000000
000000000000000000000000000000
000000000000000000000000000000
000000000000011111011000000000
000000001001111111111000000000
000000001111111110111111000000
000001111111110000011110000000
000001111110000000000111000000
000001110000000000000011100000
000001110000000000000111100000
000000111000000000000111100000
000000111000000000000011100000
000001110000000000000011100000
000000111000000000000111000000
000000111000000000000111000000
000000111000000000000110000000
000000111000000000011110000000
000000111000000011111100000000
000000111000011111111100000000
000000011111111111100000000000
000000111111111100100000000000
000000111111110100000000000000
000000011110000000000000000000
000000011100000000000000000000
000000111110000000000000000000
000000011100000000000000000000
000000011100000000000000000000
000000011110000000000000000000
000000011110000000000000000000
000000011100000000000000000000
000000011110000000000000000000
000000001110000000000000000000
000000001110000000000000000000
000000011110000000000000000000
000000001110000000000000000000
000000001110000000000000000000
000000000000000000000000000000
000000000000000000000000000000
000000000000000000000000000000
000000000000000000000000000000
