000000000000000000000000000000
000000000000000000000000000000
000000000000000000000000000000
000000000000000000000000000000
000000000000000111111100000000
000000000000111111111111000000
000000000001111110111111000000
000000001111111000000011000000
000000011111100000000011110000
000011111110000000000011110000
000011111000000000000001110000
000001110000000000000001110000
000001111000000000000001110000
000001111000000000000001110000
000001111000000000000001110000
000000111000000000000011100000
000000111100000000000111100000
000000111100000000011111000000
000000011100000011111110000000
000000011110011111111100000000
000000011110111111100000000000
000000011111111100000000000000
000000001111110000000000000000
000000001111000000000000000000
000000001111000000000000000000
000000000111000000000000000000
000000000111100000000000000000
000000000111100000000000000000
000000000111100000000000000000
000000000011100000000000000000
000000000011110000000000000000
000000000011110000000000000000
000000000001110000000000000000
000000000001111000000000000000
000000000001111000000000000000
000000000000000000000000000000
000000000000000000000000000000
000000000000000000000000000000
000000000000000000000000000000
000000000000000000000000000000
