000000000000000000000000000000
000000000000000000000000000000
000000000000000000000000000000
000000000000000000000000000000
000000000000000000000000000000
000000000100110000000000000000
000001111111111111000000000000
000001111111111111111000000000
000001111111111111111000000000
000001110000000001111100000000
000001111000000000011111000000
000001111000000000000111000000
000001111000000000000111000000
000001110000000000000011000000
000001111000000000000111000000
000001111000000000000011100000
000001110000000000000011100000
000001111000000000000011100000
000001111000000000000111000000
000000111001000000000111000000
000001111111111100011111000000
000001111111111111111111000000
000001111111111111111100000000
000000111000000111111000000000
000001110000000000000000000000
000001110000000000000000000000
000001111000000000000000000000
000000111000000000000000000000
000001110000000000000000000000
000001110000000000000000000000
000001111000000000000000000000
000001111000000000000000000000
000001110000000000000000000000
000001110000000000000000000000
000000000000000000000000000000
000000000000000000000000000000
000000000000000000000000000000
000000000000000000000000000000
000000000000000000000000000000
000000000000000000000000000000
