000000000000000000000000000000
000000000000000000000000000000
000000000000000000000000000000
000000000000000000000000000000
000000000000000000000000000000
000000000000000000010000000000
000000000000000111111111000000
000000000001111111111111000000
000000011111111110111111000000
000011111111111000000011110000
000011111111100000000011110000
000001111000000000000001110000
000001110000000000000001110000
000001111000000000000001110000
000001111000000000000001110000
000000111000000000000001110000
000000111000000000000011100000
000000111100000000000011100000
000000111100000000001111000000
000000011100000000111110000000
000000011110000011111100000000
000000011110011111111000000000
000000001111111111100000000000
000000001111111100000000000000
000000001111110000000000000000
000000001111000000000000000000
000000000111000000000000000000
000000000111000000000000000000
000000000111100000000000000000
000000000111100000000000000000
000000000011100000000000000000
000000000011100000000000000000
000000000011110000000000000000
000000000011110000000000000000
000000000001110000000000000000
000000000000000000000000000000
000000000000000000000000000000
000000000000000000000000000000
000000000000000000000000000000
000000000000000000000000000000
