000000000000000000000000000000
000000000000000000000000000000
000000000000000000000000000000
000000000001100111010000000000
000000001001111111111100000000
000001011111111111111110000000
000001111111111100111110000000
000001111111000000001110000000
000001110000000000000011100000
000001110000000000000111100000
000000111000000000000111000000
000001111000000000000111000000
000001110000000000000011100000
000001110000000000000111000000
000000111000000000000111000000
000001111000000000001110000000
000001110000000000001110000000
000001110000000001111100000000
000000111000011111111000000000
000000111011111111100000000000
000001111111111111000000000000
000001111111110000000000000000
000000111100000000000000000000
000000111000000000000000000000
000001110000000000000000000000
000001111000000000000000000000
000000111000000000000000000000
000000111000000000000000000000
000001110000000000000000000000
000001111000000000000000000000
000000111000000000000000000000
000000111000000000000000000000
000001110000000000000000000000
000001111000000000000000000000
000000111000000000000000000000
000000111000000000000000000000
000000000000000000000000000000
000000000000000000000000000000
000000000000000000000000000000
000000000000000000000000000000
