000000000000000000000000000000
000000000000000000000000000000
000000000000000000000000000000
000000000000000000000000000000
000001000000000000000000000000
000001111111000000000000000000
000001111111111110000000000000
000001111111111110000000000000
000001111001111111110000000000
000001110000000001111100000000
000001111000000000111110000000
000000111000000000001110000000
000001110000000000000111000000
000001110000000000000011000000
000001111000000000000110000000
000000111000000000000011100000
000000111000000000000011100000
000000111000000000000011100000
000001111000000000000011100000
000000111100000000000111100000
000000111101101100001111000000
000000111111111110111111000000
000000111111111111111110000000
000000011111111111111110000000
000000111000000011110100000000
000000111000000000000000000000
000000111100000000000000000000
000000011100000000000000000000
000000011100000000000000000000
000000011100000000000000000000
000000111000000000000000000000
000000011100000000000000000000
000000011100000000000000000000
000000011100000000000000000000
000000011100000000000000000000
000000000000000000000000000000
000000000000000000000000000000
000000000000000000000000000000
000000000000000000000000000000
000000000000000000000000000000
