000000000000000000000000000000
000000000000000000000000000000
000000000000000000000000000000
000000000000000000000000000000
000000000000000000000000000000
000000000000000000000000000000
000011010000000000000000000000
000111111101100000000000000000
000111111111111110000000000000
000011100111111111000000000000
000111100000111111011000000000
000111100000000001111100000000
000111110000000000111100000000
000011100000000000001110000000
000011100000000000000111000000
000111100000000000000011000000
000011100000000000000011000000
000011100000000000000111110000
000111100000000000000011100000
000111101100000000000011100000
000011111110100000001111100000
000011111111111010001111000000
000111111111111111111111000000
000111100000111111111100000000
000011100000000011111000000000
000011100000000000000000000000
000111100000000000000000000000
000111000000000000000000000000
000011100000000000000000000000
000111100000000000000000000000
000111100000000000000000000000
000111100000000000000000000000
000011100000000000000000000000
000001100000000000000000000000
000000000000000000000000000000
000000000000000000000000000000
000000000000000000000000000000
000000000000000000000000000000
000000000000000000000000000000
000000000000000000000000000000
