000000000000000000000000000000
000000000000000000000000000000
000000000000000000000000000000
000000000000000000000000000000
000000000000000000000000000000
000000000000000110111100000000
000000000001111111111111000000
000000011111111111111111000000
000011111111111100000111100000
000011111111100000000011110000
000001111000000000000011110000
000001110000000000000001110000
000001111000000000000001110000
000001111000000000000001110000
000000111000000000000001110000
000000111000000000000001100000
000000111100000000000011100000
000000011100000000000111000000
000000011100000000001111000000
000000011110000001111110000000
000000011110011111111100000000
000000001111111111100000000000
000000001111111110000000000000
000000001111111000000000000000
000000001111000000000000000000
000000000111000000000000000000
000000000111000000000000000000
000000000111100000000000000000
000000000111100000000000000000
000000000011100000000000000000
000000000011100000000000000000
000000000011110000000000000000
000000000011110000000000000000
000000000001110000000000000000
000000000001111000000000000000
000000000000000000000000000000
000000000000000000000000000000
000000000000000000000000000000
000000000000000000000000000000
000000000000000000000000000000
