000000000000000000000000000000
000000000000000000000000000000
000000000000000000000000000000
000000000000000000000000000000
000000000000000000000000000000
000000000000111110000000000000
000000011111111111111000000000
000011111111111111111100000000
000011111111100000111111000000
000001111000000000000111000000
000001110000000000000011000000
000001111000000000000011100000
000001111000000000000011110000
000000111000000000000001110000
000100111000000000000001110000
000100111100000000000001110000
000000111100000000000001110000
000000011100000000000001110000
000000011100000000000011110000
000000011110000011111111100000
000000001111111111111111000000
000000001111111111111110000000
000000001111111101100000000000
000000001111000000000000000000
000000000111000000000000000000
000000000111000000000000000000
000000000111100000000000000000
000000000111100000000000000000
000000000011100000000000000000
000000000011100000000000000000
000000000011110000000000000000
000000000011110000000000000000
000000000001110000000000000000
000000000001110000000000000000
000000000001111000000000000000
000000000000000000000000000000
000000000000000000000000000000
000000000000000000000000000000
000000000000000000000000000000
000000000000000000000000000000
