000000000000000000000000000000
000000000000000000000000000000
000000000000000000000000000000
000000000000000000000000000000
000000000000000000000000000000
000000000000000000000000000000
000011010000000000000000000000
000011111101100000000000000000
000011111111110100000000000000
000011111111111111100000000000
000011100001011111111000000000
000011110000000111111100000000
000011110000000000111101000000
000011100000000000000111000000
000011110000000000000111100000
000011110000000000000011000000
000011110000000000000001100000
000011100000000000000011110000
000011110000000000000011100000
000011110000000000000011100000
000011111100000000000011110000
000011111111111000000111100000
000111111111111111101111000000
000011110000111111111100000000
000011100000000111111000000000
000011100000000000000000000000
000111110000000000000000000000
000011100000000000000000000000
000011100000000000000000000000
000111100000000000000000000000
000011110000000000000000000000
000011100000000000000000000000
000011100000000000000000000000
000000000000000000000000000000
000000000000000000000000000000
000000000000000000000000000000
000000000000000000000000000000
000000000000000000000000000000
000000000000000000000000000000
000000000000000000000000000000
