000000000000000000000000000000
000000000000000000000000000000
000000000000000000000000000000
000000000000000000000000000000
000000000000000000000000000000
000000000000000000000000000000
000001000000000000000000000000
000001111000000000000000000000
000011111110100000000000000000
000011111111111111000000000000
000001110011111111100000000000
000011110000001111111000000000
000011110000000100011110000000
000011110000000000011110000000
000001110000000000000111100000
000001110000000000000011100000
000011110000000000000001100000
000011110000000000000011110000
000001110000000000000011110000
000011110000000000000001110000
000011110100000000000001110000
000011111111011000000111100000
000001111111111101000111100000
000011110111111111111111100000
000011100000110111111110000000
000011110000000001110100000000
000011110000000000000000000000
000011110000000000000000000000
000011100000000000000000000000
000001110000000000000000000000
000011110000000000000000000000
000011100000000000000000000000
000011100000000000000000000000
000001110000000000000000000000
000000000000000000000000000000
000000000000000000000000000000
000000000000000000000000000000
000000000000000000000000000000
000000000000000000000000000000
000000000000000000000000000000
