000000000000000000000000000000
000000000000000000000000000000
000000000000000000000000000000
000000000000000000000000000000
000000000000000000000000000000
000000000000000000000000000000
000011110001000000000000000000
000011111111100100000000000000
000011111111111110000000000000
000011110111111111110000000000
000011100000001111111000000000
000011110000000000111100000000
000011110000000000111100000000
000011100000000000000111100000
000011100000000000000011000000
000011110000000000000011000000
000011100000000000000111110000
000011100000000000000011110000
000011110000000000000011100000
000011110100000000000011100000
000011111110010000000111100000
000011111111111101100111100000
000111111111111111111111000000
000011110000101111111000000000
000011100000000010001000000000
000011100000000000000000000000
000111110000000000000000000000
000011100000000000000000000000
000011100000000000000000000000
000011100000000000000000000000
000111110000000000000000000000
000011100000000000000000000000
000011100000000000000000000000
000000000000000000000000000000
000000000000000000000000000000
000000000000000000000000000000
000000000000000000000000000000
000000000000000000000000000000
000000000000000000000000000000
000000000000000000000000000000
