000000000000000000000000000000
000000000000000000000000000000
000000000000000000000000000000
000000000000000000000000000000
000000000000000011101100000000
000000001100111111111100000000
000000111111111111111111000000
000000111111111100010111000000
000001111111100000000011000000
000000111000000000000011100000
000000111000000000000111100000
000000111000000000000011100000
000001111000000000000011100000
000000111000000000000011100000
000000111000000000000011100000
000000111000000000000111000000
000000111100000000000111000000
000000111000000000001100000000
000000111000000000111110000000
000000111000001111111100000000
000000111111111111110000000000
000000111111111111100000000000
000000111111110000000000000000
000000111110000000000000000000
000000111100000000000000000000
000000111000000000000000000000
000000111000000000000000000000
000000111000000000000000000000
000000111100000000000000000000
000000111000000000000000000000
000000111000000000000000000000
000000111100000000000000000000
000000111000000000000000000000
000000111000000000000000000000
000000111000000000000000000000
000000000000000000000000000000
000000000000000000000000000000
000000000000000000000000000000
000000000000000000000000000000
000000000000000000000000000000
