000000000000000000000000000000
000000000000000000000000000000
000000000000000000000000000000
000000000000000000000000000000
000000000000000000010000000000
000000000000000011111100000000
000000001000111111111110000000
000001111111111111111111000000
000001111111111100000111000000
000001111111000000000011100000
000001111000000000000011100000
000001110000000000000011100000
000001110000000000000011000000
000001111000000000000011000000
000001110000000000000011000000
000001110000000000000111000000
000001110000000000000110000000
000000111000000000001100000000
000001110000000001111000000000
000001110000001111111110000000
000001110011111111111110000000
000001111111111111001110000000
000001111111110001001111000000
000001111100000000000011000000
000001111000000000000011000000
000001111000000000000011000000
000001110000000000000001100000
000001110000000000000011100000
000001111000000000000011000000
000001111000000000000011000000
000001110000000000000011100000
000001110000000000000011100000
000001111000000000000011110000
000001110000000000000011110000
000001110000000000000000000000
000001110000000000000000000000
000000000000000000000000000000
000000000000000000000000000000
000000000000000000000000000000
000000000000000000000000000000
