000000000000000000000000000000
000000000000000000000000000000
000000000000000000000000000000
000000000000001111111000000000
000000000011111111111110000000
000000011111111111111100000000
000011111111110000001110000000
000011111110000000000111000000
000011100000000000000111000000
000011100000000000001111000000
000011100000000000000111000000
000011100000000000000110000000
000011110000000000000110000000
000011100000000000001110000000
000011100000000000011100000000
000011100000000000011000000000
000011110000000011110000000000
000011100000111111111000000000
000011101111111111111100000000
000011111111111110011100000000
000011111111110100011100000000
000011111100100000001110000000
000011101000000000000110000000
000011110000000000000110000000
000011110000000000000110000000
000011100000000000000111000000
000011100000000000000110000000
000011110000000000000110000000
000011110000000000001110000000
000011100000000000000111000000
000011100000000000000111100000
000011110000000000000111100000
000011110000000000000000000000
000011100000000000000000000000
000011100000000000000000000000
000001110000000000000000000000
000000000000000000000000000000
000000000000000000000000000000
000000000000000000000000000000
000000000000000000000000000000
