000000000000000000000000000000
000000000000000000000000000000
000000000000000000000000000000
000000000000000000000000000000
000000000000000000000000000000
000011011000000000000000000000
000111111111110110000000000000
000001111111111111111000000000
000011111111111111111100000000
000011100000011111111111100000
000011110000000000001111100000
000001110000000000000111100000
000011110000000000000011100000
000011100000000000000011110000
000011110000000000000011110000
000001110000000000000011100000
000011100000000000000011000000
000011100000000000000011000000
000011110000000000001110000000
000001110011001101111100000000
000011111111111111111100000000
000011111111111111111110000000
000011111101111111011110000000
000001110000000000000110000000
000011100000000000000011000000
000011100000000000000001100000
000011100000000000000011000000
000001110000000000000011100000
000011100000000000000011100000
000011100000000000000011100000
000011100000000000000111000000
000011110000000000000111100000
000011100000000000000011110000
000011100000000000000001111000
000011110000000000000000000000
000000000000000000000000000000
000000000000000000000000000000
000000000000000000000000000000
000000000000000000000000000000
000000000000000000000000000000
