000000000000000000000000000000
000000000000000000000000000000
000000000000000000000000000000
000000000000000000000000000000
000000000000000000000000000000
000011011101110111111100000000
000111111111111111111111100000
000011111111111110111111100000
000011110011000000000111100000
000011100000000000000111100000
000011110000000000000011110000
000011100000000000000011110000
000011100000000000000001110000
000011100000000000000011000000
000011110000000000000011000000
000011100000000000000111000000
000011100000000000000110000000
000011110000000001111100000000
000001110011011111111110000000
000011111111111111111111000000
000011111111111010001111000000
000011111100000000000111000000
000011110000000000000001100000
000011100000000000000001100000
000011100000000000000001100000
000011100000000000000011100000
000111110000000000000011100000
000011100000000000000011100000
000011100000000000000011110000
000011100000000000000011100000
000111110000000000000001100000
000011100000000000000000000000
000011100000000000000000000000
000011110000000000000000000000
000000000000000000000000000000
000000000000000000000000000000
000000000000000000000000000000
000000000000000000000000000000
000000000000000000000000000000
000000000000000000000000000000
