000000000000000000000000000000
000000000000000000000000000000
000000000000000000000000000000
000000000000000000000000000000
000010000000000000000000000000
000011110000000000000000000000
000011111111100000000000000000
000011111111111110000000000000
000011110111111111110000000000
000011100001011111111100000000
000111100000000100111111000000
000011110000000000011111000000
000011100000000000000111110000
000011100000000000000011100000
000111110000000000000001110000
000011100000000000000001110000
000011100000000000000001111000
000111100000000000000001110000
000111111110010000000001100000
000011111111111000000111100000
000011101111111111100111100000
000111100001101111111100000000
000111100000000011111100000000
000011100000000000001110000000
000111100000000000000011000000
000111100000000000000011000000
000111100000000000000011000000
000011100000000000000011000000
000111100000000000000001100000
000111100000000000000001100000
000011100000000000000011100000
000011100000000000000011110000
000001100000000000000011100000
000000000000000000000011100000
000000000000000000000011100000
000000000000000000000011111000
000000000000000000000000000000
000000000000000000000000000000
000000000000000000000000000000
000000000000000000000000000000
