000000000000000000000000000000
000000000000000000000000000000
000000000000000000000000000000
000000000000000000000000000000
000011111101000000000000000000
000111111111110100000000000000
000111111111111111110000000000
000111110111011111110000000000
000011100000001101111100000000
000111100000000000111100000000
000111000000000000000111100000
000111000000000000000111100000
000011100000000000000011000000
000111100000000000000011110000
000111000000000000000011110000
000111000000000000000011110000
000011110100000000000011100000
000111111111010000000111100000
000111111111111111101111100000
000111101101111111111000000000
000111100000100111111000000000
000111000000000010011110000000
000111000000000000001110000000
000111100000000000000110000000
000111100000000000000110000000
000111000000000000000011000000
000111000000000000000011000000
000111100000000000000011000000
000111100000000000000011000000
000111100000000000000011100000
000111000000000000000111000000
000111100000000000000111000000
000000100000000000000111000000
000000000000000000000011100000
000000000000000000000000110000
000000000000000000000000000000
000000000000000000000000000000
000000000000000000000000000000
000000000000000000000000000000
000000000000000000000000000000
