000000000000000000000000000000
000000000000000000000000000000
000000000000000000000000000000
000000000000000000000000000000
000000000001000111100000000000
000000001111111111111000000000
000011111111111111111111000000
000011111111111100111111000000
000011110011000000011110000000
000011110000000000000110000000
000011100000000000000011100000
000011100000000000000111100000
000011110000000000000111000000
000011100000000000000111000000
000011100000000000000111000000
000011100000000000000111000000
000001110000000000011100000000
000011100000000001111000000000
000011100000011111111000000000
000011111111111111111100000000
000001111111111110011100000000
000011111111110000011100000000
000011111100000000000110000000
000011100000000000000111000000
000001110000000000000110000000
000011100000000000000111000000
000011100000000000000011000000
000011100000000000000111000000
000001110000000000000110000000
000011100000000000001111000000
000011100000000000000111000000
000011110000000000000111100000
000001110000000000000111100000
000011100000000000000000010000
000011100000000000000000000000
000011110000000000000000000000
000000000000000000000000000000
000000000000000000000000000000
000000000000000000000000000000
000000000000000000000000000000
