000000000000000000000000000000
000000000000000000000000000000
000000000000000000000000000000
000000000000000000000000000000
000000000000000000000000000000
000011011101110111111000000000
000011111111111111111111100000
001101111111111111111111100000
000011110111111000000111100000
000011100000000000000001100000
000011110000000000000011111000
000001110000000000000011110000
000011100000000000000001110000
000011100000000000000001100000
000011110000000000000011000000
000011110000000000000111000000
000011100000000000000110000000
000011110000000101111110000000
000011110011011111111110000000
000011111111111111111110000000
000011111111111111010111000000
000011111100000000000001100000
000011110000000000000001100000
000011110000000000000001100000
000011100000000000000001110000
000011100000000000000001110000
000011110000000000000011100000
000011100000000000000011100000
000011100000000000000011110000
000011100000000000000011111000
000011110000000000000001111000
000011100000000000000000000000
000011100000000000000000000000
000011110000000000000000000000
000000000000000000000000000000
000000000000000000000000000000
000000000000000000000000000000
000000000000000000000000000000
000000000000000000000000000000
000000000000000000000000000000
