000000000000000000000000000000
000000000000000000000000000000
000000000000000000000000000000
000000001000000000000000000000
000011111111100110000000000000
000101111111111111110000000000
000001111111111111110000000000
000001110000110011111100000000
000011110000000000001111000000
000011110000000000001111000000
000001110000000000001111000000
000001110000000000000011000000
000011110000000000000011000000
000011110000000000000011100000
000001110000000000000011100000
000001110000000000000011100000
000011110000000000000011000000
000001111110001000000111100000
000001111111111111101110000000
000011111111111111111110000000
000011110001111111111100000000
000001110000001001111100000000
000001110000000000011100000000
000011110000000000000110000000
000011110000000000000110000000
000001110000000000000110000000
000001110000000000000110000000
000011110000000000000011000000
000011110000000000000011000000
000001110000000000000111000000
000001110000000000000111000000
000011100000000000000111000000
000001110000000000000111000000
000001100000000000000110000000
000000000000000000000111000000
000000000000000000000011000000
000000000000000000000001100000
000000000000000000000000000000
000000000000000000000000000000
000000000000000000000000000000
