000000000000000000000000000000
000000000000000000000000000000
000000010000000000000000000000
000000111111110000000000000000
000000011111111100000000000000
000001011111111111100000000000
000000111111011111111100000000
000000111100000011111100000000
000000011100000000011111000000
000000111000000000000111000000
000000111000000000000011100000
000000111000000000000001110000
000000111000000000000001100000
000000111000000000000001100000
000000111000000000000001110000
000000111000000000000001110000
000000111000000000000001110000
000000111111110000000001100000
000001111111111110000111100000
000001111111111111110111000000
000001111001001111111111000000
000001110000000011111100000000
000001110000000000011100000000
000011110000000000001100000000
000001110000000000000110000000
000001110000000000000110000000
000011110000000000000111000000
000011100000000000000111000000
000001110000000000000011000000
000011110000000000000110000000
000011100000000000000110000000
000011110000000000000110000000
000000100000000000001110000000
000000000000000000001110000000
000000000000000000001110000000
000000000000000000001110000000
000000000000000000000110000000
000000000000000000000011000000
000000000000000000000000000000
000000000000000000000000000000
