000000000000000000000000000000
000000000000000000000000000000
000000000000000000000000000000
000000000000000000000000000000
000000000000000000000000000000
000100000000000000000000000000
000101101100100000000000000000
001101111111111111101000000000
001001111111111111111100000000
000001111011111111111111000000
000001110000000100100111110000
000011110000000000000111100000
000001110000000000000001110000
000001110000000000000001111000
000011100000000000000011111000
000001110000000000000001110000
000001110000000000000001100000
000011100000000000000011000000
000011110000000000000111000000
000011110010000000011111000000
000011111111111111111100000000
000011111111111111111100000000
000111111111111111011110000000
000011100000010000001110000000
000011100000000000000011000000
000111100000000000000011000000
000111100000000000000011000000
000011100000000000000011000000
000111100000000000000111100000
000111000000000000000111000000
000111000000000000000111000000
000111100000000000001111000000
000111000000000000001111100000
000111000000000000000011110000
001111000000000000000001100000
000000000000000000000000000000
000000000000000000000000000000
000000000000000000000000000000
000000000000000000000000000000
000000000000000000000000000000
