000000000000000000000000000000
000000000000000000000000000000
000000000000000000000000000000
000000000000000000000000000000
000010000000000000000000000000
000111111000000000000000000000
000111111111100100000000000000
000011111111111110010000000000
000011110011111111111000000000
000011100001001111111100000000
000111110000000000111111000000
000011110000000000001111100000
000011100000000000000011110000
000111100000000000000001100000
000011110000000000000001110000
000011100000000000000011111000
000011100000000000000001111000
000111100000000000000001100000
000011111111010000000011100000
000011111111111001000111100000
000111101011111111110111000000
000111100000001111111100000000
000011100000000010111110000000
000011100000000000001111000000
000111100000000000000011000000
000111000000000000000011000000
000011100000000000000011000000
000111100000000000000001110000
000111100000000000000001100000
000111100000000000000011100000
000011100000000000000011100000
000011100000000000000011110000
000000100000000000000011100000
000000000000000000000011100000
000000000000000000000011100000
000000000000000000000000111000
000000000000000000000000000000
000000000000000000000000000000
000000000000000000000000000000
000000000000000000000000000000
