000000000000000000000000000000
000000000000000000000000000000
000000000000000000000000000000
000000000000000000000000000000
000000000000000000000000000000
000111111111111111000000000000
000111111111111111111100000000
000111111111111110111111000000
000111100010001000001111000000
000111000000000000000111100000
000111100000000000000111100000
000111100000000000000111100000
000111000000000000000011000000
000111000000000000000011100000
000011100000000000000110000000
000111000000000000000110000000
000111000000000000001110000000
000111100000000001111000000000
000011110111011111111000000000
000111111111111111111110000000
000111111111110011001110000000
000111101100000000001111000000
000011100000000000000111000000
000111000000000000000011000000
000111000000000000000011000000
000111100000000000000111100000
000011100000000000000111000000
000111000000000000000111000000
000111000000000000000111000000
000111100000000000000111110000
000111100000000000000011110000
000111000000000000000001000000
000111100000000000000000000000
000111100000000000000000000000
000000000000000000000000000000
000000000000000000000000000000
000000000000000000000000000000
000000000000000000000000000000
000000000000000000000000000000
000000000000000000000000000000
