000000000000000000000000000000
000000000000000000000000000000
000000000000000000000000000000
000000000000000000000000000000
000000000000000000000000000000
000000000000000011100000000000
000000000000111111111100000000
000001011111111111111111100000
000111111111101101000111100000
000111111011000000000111000000
000011110000000000000011100000
000111000000000000000011110000
000111100000000000000011110000
000111100000000000000011100000
000111100000000000000011000000
000111100000000000000011100000
000111100000000000000111000000
000011100000000000011110000000
000111100000001101111000000000
000111110111111111111110000000
000011111111111011001111000000
000011111110110000001110000000
000111111000000000000110000000
000111100000000000000011000000
000011100000000000000001100000
000011100000000000000011000000
000111100000000000000011000000
000111100000000000000011100000
000011100000000000000111100000
000011100000000000000111000000
000111100000000000000111000000
000111100000000000000011110000
000011100000000000000011110000
000011100000000000000001100000
000111100000000000000000000000
000000000000000000000000000000
000000000000000000000000000000
000000000000000000000000000000
000000000000000000000000000000
000000000000000000000000000000
