000000000000000000000000000000
000000000000000000000000000000
000000000000000000000000000000
000000000000000011100000000000
000000000000111111111110000000
000000001111111111111111000000
000001111111111100011111000000
000001111111100000000110100000
000001111000000000000011100000
000011100000000000000111100000
000001110000000000000111100000
000001110000000000000111100000
000001110000000000000011000000
000011100000000000000111000000
000001110000000000000110000000
000001110000000000011000000000
000001110000000000111000000000
000011110000001111111000000000
000001110011111111111100000000
000001111111111111011110000000
000001111111110001001110000000
000011111110010000000110000000
000001110110000000000110000000
000001110000000000000011000000
000001110000000000000011000000
000011110000000000000011000000
000001110000000000000110000000
000001110000000000000011000000
000011110000000000000111000000
000001110000000000000111000000
000001110000000000000111100000
000001110000000000000011110000
000011110000000000000001000000
000001110000000000000000000000
000001110000000000000000000000
000001110000000000000000000000
000000000000000000000000000000
000000000000000000000000000000
000000000000000000000000000000
000000000000000000000000000000
