000000000000000000000000000000
000000000000000000000000000000
000000000000000000000000000000
000000000000000000100000000000
000000000000001111110000000000
000000000011111111111110000000
000000011111111111111111000000
000011111111111100001110000000
000001111111001000001111000000
000011110000000000000111000000
000011100000000000000111100000
000011100000000000000111000000
000011110000000000000110000000
000011110000000000000110000000
000011100000000000000110000000
000011100000000000001110000000
000011110000000000001100000000
000011110000000000010000000000
000011100000100011111000000000
000011101110111111111100000000
000001111111111111111100000000
000011111111111100011110000000
000011111111100000000110000000
000011110000000000000111000000
000001110000000000000110000000
000011110000000000000011000000
000011100000000000000011000000
000011110000000000000111000000
000001110000000000000110000000
000011100000000000000111000000
000011100000000000000111000000
000011110000000000000111100000
000001110000000000000111100000
000011100000000000000000010000
000011100000000000000000000000
000001110000000000000000000000
000000000000000000000000000000
000000000000000000000000000000
000000000000000000000000000000
000000000000000000000000000000
