000000000000000000000000000000
000000000000000000000000000000
000000000000000000000000000000
000000000000000000000000000000
000011000000000000000000000000
000011111100000000000000000000
000111111111111010000000000000
000011110111111111000000000000
000011100001111111110000000000
000111100000001101111100000000
000111100000000000011110000000
000011100000000000000111100000
000011100000000000000111110000
000111100000000000000001100000
000111000000000000000001110000
000011100000000000000011110000
000111100000000000000001111000
000111111100000000000001100000
000111111111111000000111100000
000011111111111111001111100000
000111100101111111111101000000
000111000000110011111100000000
000111100000000001011110000000
000011100000000000001110000000
000111100000000000000111000000
000111100000000000000011000000
000111100000000000000011000000
000111100000000000000011100000
000111100000000000000001100000
000111100000000000000001100000
000011100000000000000011100000
000001100000000000000111000000
000000100000000000000011100000
000000000000000000000011100000
000000000000000000000011100000
000000000000000000000001111000
000000000000000000000000000000
000000000000000000000000000000
000000000000000000000000000000
000000000000000000000000000000
