000000000000000000000000000000
000000000000000000000000000000
000000000000000000000000000000
000000000000000000000000000000
000000000000000000000000000000
000100000000000000000000000000
000111111100000000000000000000
000011111111111111000000000000
000011111111111111110000000000
000111100011111111111000000000
000111000000001001111111000000
000011100000000000011110000000
000011100000000000000111000000
000111000000000000000111100000
000111000000000000000111100000
000011100000000000000111000000
000011100000000000000110000000
000111000000000000000110000000
000111000000000000000110000000
000011101000000000011100000000
000111111111011111111000000000
000111111111111111111000000000
000111101111111111111100000000
000011100000110010011100000000
000111100000000000011110000000
000111000000000000000110000000
000111000000000000000011000000
000011100000000000000110000000
000111100000000000000110000000
000111000000000000000111000000
000111100000000000001111000000
000111100000000000001110000000
000111000000000000001111000000
000111000000000000000011110000
000111100000000000000011100000
000000000000000000000000000000
000000000000000000000000000000
000000000000000000000000000000
000000000000000000000000000000
000000000000000000000000000000
