000000000000000000000000000000
000000000000000000000000000000
000000000000000000000000000000
000000000001000111110000000000
000000000011111111111100000000
000010111111111111111111000000
000011111111111100001110000000
000011111111000000001111000000
000011110000000000000111000000
000011100000000000000111100000
000011100000000000000111000000
000011110000000000000111000000
000011100000000000000110000000
000011100000000000000111000000
000011100000000000000110000000
000001110000000000011000000000
000011100000000001111000000000
000011100000011111111100000000
000011100111111111111100000000
000001111111111110011100000000
000011111111110000011100000000
000011111100000000000110000000
000011100000000000000111000000
000001110000000000000110000000
000011100000000000000111000000
000011100000000000000011000000
000011100000000000000110000000
000001110000000000001110000000
000011100000000000001111000000
000011100000000000000111000000
000011110000000000000111100000
000001110000000000000111100000
000011100000000000000000000000
000011100000000000000000000000
000011110000000000000000000000
000001110000000000000000000000
000000000000000000000000000000
000000000000000000000000000000
000000000000000000000000000000
000000000000000000000000000000
