000000000000000000000000000000
000000000000000000000000000000
000000000000000000000011100000
000000000000000000001111100000
000000000000000000111111110000
000000000000000111111111000000
000000000000011111110000000000
000000000001111111000000000000
000000000111111110000000000000
000000011111111110000000000000
000011011111001111000000000000
000011011000001111000000000000
000011010000000111000000000000
000000000000000111000000000000
000000000000000111100000000000
000000000000000111100000000000
000000000000000011100000000000
000000000000000011110000000000
000000000000000011110000000000
000000000000000001110000000000
000000000000000001110000000000
000000000000000001111000000000
000000000000000001111000000000
000000000000000000111000000000
000000000000000000111100000000
000000000000000000111100000000
000000000000000000111100000000
000000000000000000011100000000
000000000000000000011110000000
000000000000000000011110000000
000000000000000000001110000000
000000000000000000001110000000
000000000000000000001111000000
000000000000000000000000000000
000000000000000000000000000000
000000000000000000000000000000
000000000000000000000000000000
000000000000000000000000000000
000000000000000000000000000000
000000000000000000000000000000
