000000000000000000000000000000
000000000000000000000000000000
000000000000000000000000000000
000000000000000000000000000000
000000000000000000000000000000
000000000000000000000011100000
000000000000000000111111100000
000000000000001111111111000000
000000010011111111111100000000
000000011111111111110000000000
000000011111111110000000000000
000000011000001110000000000000
000001000000001111000000000000
000001000000001111000000000000
000001000000000111000000000000
000001000000000111000000000000
000000000000000111100000000000
000000000000000111100000000000
000000000000000011100000000000
000000000000000011100000000000
000000000000000011110000000000
000000000000000011110000000000
000000000000000001110000000000
000000000000000001111000000000
000000000000000001111000000000
000000000000000000111000000000
000000000000000000111000000000
000000000000000000111100000000
000000000000000000111100000000
000000000000000000011100000000
000000000000000000011100000000
000000000000000000011110000000
000000000000000000011110000000
000000000000000000001110000000
000000000000000000000000000000
000000000000000000000000000000
000000000000000000000000000000
000000000000000000000000000000
000000000000000000000000000000
000000000000000000000000000000
