000000000000000000000000000000
000000000000000000000000000000
000000000000000000000000000000
000001100000000000000000000000
000001111000000000000000000000
000011111110000000000000000000
000000111111000000000000000000
000000000111111000000000000000
000000000011111100000000000000
000000000000111111000000000000
000000000000011111110000000000
000000000000111111111100000000
000000000000111101111111000000
000000000000111100001111100000
000000000000111000000111100000
000000000001111000000000100000
000000000001111000000000000000
000000000001110000000000000000
000000000011110000000000000000
000000000011110000000000000000
000000000011110000000000000000
000000000011100000000000000000
000000000111100000000000000000
000000000111100000000000000000
000000000111000000000000000000
000000001111000000000000000000
000000001111000000000000000000
000000001111000000000000000000
000000001110000000000000000000
000000011110000000000000000000
000000011110000000000000000000
000000011100000000000000000000
000000111100000000000000000000
000000111100000000000000000000
000000000100000000000000000000
000000000000000000000000000000
000000000000000000000000000000
000000000000000000000000000000
000000000000000000000000000000
000000000000000000000000000000
