000000000000000000000000000000
000000000000000000000000000000
000000000000000000000111000000
000000000000000001111111000000
000000000000000111111111100000
000000000000011111111110000000
000000000011111111100000000000
000000001111111100000000000000
000000111111111100000000000000
000001111110011110000000000000
000000110000011110000000000000
000000000000011110000000000000
000000000000001110000000000000
000000000000001111000000000000
000000000000001111000000000000
000000000000000111000000000000
000000000000000111000000000000
000000000000000111100000000000
000000000000000111100000000000
000000000000000011100000000000
000000000000000011110000000000
000000000000000011110000000000
000000000000000001110000000000
000000000000000001110000000000
000000000000000001111000000000
000000000000000001111000000000
000000000000000000111000000000
000000000000000000111000000000
000000000000000000111100000000
000000000000000000111100000000
000000000000000000011100000000
000000000000000000011100000000
000000000000000000011110000000
000000000000000000000000000000
000000000000000000000000000000
000000000000000000000000000000
000000000000000000000000000000
000000000000000000000000000000
000000000000000000000000000000
000000000000000000000000000000
