000000000000000000000000000000
000000000000000000000000000000
000000000000000000000000000000
000000000000000000000011000000
000000000000000000001111000000
000000000000000000111111000000
000000000000000011111110000000
000000000000001111111000000000
000000000111111111100000000000
000000011111111100000000000000
000001111111111110000000000000
000001111101001110000000000000
000001110000011110000000000000
000001000000001110000000000000
000000000000001111000000000000
000000000000000111000000000000
000000000000001111000000000000
000000000000000111000000000000
000000000000000111000000000000
000000000000000011100000000000
000000000000000111100000000000
000000000000000111100000000000
000000000000000011100000000000
000000000000000011110000000000
000000000000000011110000000000
000000000000000011100000000000
000000000000000001110000000000
000000000000000001110000000000
000000000000000011111000000000
000000000000000001110000000000
000000000000000001111000000000
000000000000000000111000000000
000000000000000001110000000000
000000000000000000111000000000
000000000000000000111000000000
000000000000000000011100000000
000000000000000000000000000000
000000000000000000000000000000
000000000000000000000000000000
000000000000000000000000000000
