000000000000000000000000000000
000000000000000000000000000000
000000000000000000000000000000
000000000000000000000011000000
000000000000000000001111000000
000000000000000000111111000000
000000000000000011111100000000
000000000000000111111000000000
000000000000011111100000000000
000000000111111110000000000000
000000011111111110000000000000
000000111111111111000000000000
000000111101001111000000000000
000000110000001111000000000000
000000000000000111000000000000
000000000000000011100000000000
000000000000000111100000000000
000000000000000011100000000000
000000000000000011110000000000
000000000000000001110000000000
000000000000000011110000000000
000000000000000001110000000000
000000000000000001111000000000
000000000000000000111000000000
000000000000000001111000000000
000000000000000000111000000000
000000000000000000111100000000
000000000000000000011100000000
000000000000000000111100000000
000000000000000000011100000000
000000000000000000001110000000
000000000000000000001110000000
000000000000000000001110000000
000000000000000000001111000000
000000000000000000000111000000
000000000000000000000111000000
000000000000000000000000000000
000000000000000000000000000000
000000000000000000000000000000
000000000000000000000000000000
