000000000000000000000000000000
000000000000000000000000000000
000000000000000000000000000000
000000000000000000000100000000
000000000000000000011111000000
000000000000000001111111100000
000000000000011111111111000000
000000000011111111110100000000
000000001111111111000000000000
000000111111111110000000000000
000001111111001110000000000000
000000111000001110000000000000
000001100000001110000000000000
000000000000001111000000000000
000000000000000111000000000000
000000000000000110000000000000
000000000000000111000000000000
000000000000000111000000000000
000000000000000111100000000000
000000000000000111000000000000
000000000000000111100000000000
000000000000000011100000000000
000000000000000011110000000000
000000000000000011100000000000
000000000000000011100000000000
000000000000000001110000000000
000000000000000001110000000000
000000000000000001110000000000
000000000000000001110000000000
000000000000000001111000000000
000000000000000000111000000000
000000000000000000110000000000
000000000000000000111000000000
000000000000000000111000000000
000000000000000000011100000000
000000000000000000011000000000
000000000000000000000000000000
000000000000000000000000000000
000000000000000000000000000000
000000000000000000000000000000
