000000000000000000000000000000
000000000000000000000000000000
000000000000000000000000000000
000000000000000000000000000000
000000000000000000000000000000
000001110000000000000000000000
000001110000000000000000000000
000011111111000000000000000000
000000111111110000000000000000
000000001111111100000000000000
000000000011111111100000000000
000000000000011111100000000000
000000000000011111110000000000
000000000001111001111100000000
000000000001111000011110000000
000000000001110000001111100000
000000000001110000000111000000
000000000011110000000001000000
000000000011110000000000000000
000000000011100000000000000000
000000000111100000000000000000
000000000111100000000000000000
000000000111000000000000000000
000000000111000000000000000000
000000011110000000000000000000
000000011110000000000000000000
000000011100000000000000000000
000000111100000000000000000000
000000111100000000000000000000
000000111100000000000000000000
000001111000000000000000000000
000001111000000000000000000000
000001111000000000000000000000
000001110000000000000000000000
000011110000000000000000000000
000000000000000000000000000000
000000000000000000000000000000
000000000000000000000000000000
000000000000000000000000000000
000000000000000000000000000000
