000000000000000000000000000000
000000000000000000000000000000
000000000000000000000000000000
000000000000000000000000000000
000000000000000000000000000000
000000000000000000000000000000
000000000000000000000000000000
000001111111111111111110000000
000001111111111111111111100000
000011111111111111111111100000
000000110011111111100110100000
000000000000011100000000000000
000000000000111100000000000000
000000000000111000000000000000
000000000000111000000000000000
000000000000111000000000000000
000000000001111000000000000000
000000000001110000000000000000
000000000001110000000000000000
000000000001110000000000000000
000000000011110000000000000000
000000000011100000000000000000
000000000011100000000000000000
000000000011100000000000000000
000000000111100000000000000000
000000000111000000000000000000
000000000111000000000000000000
000000000111000000000000000000
000000001111000000000000000000
000000001110000000000000000000
000000001110000000000000000000
000000001110000000000000000000
000000011110000000000000000000
000000011100000000000000000000
000000011100000000000000000000
000000011100000000000000000000
000000111100000000000000000000
000000110000000000000000000000
000000000000000000000000000000
000000000000000000000000000000
