000000000000000000000000000000
000000000000000000000000000000
000000000000000000000000000000
000000000000000000000011000000
000000000000000000001111000000
000000000000000000111111000000
000000000000000001111110000000
000000000000000111111000000000
000000000001011111100000000000
000000000111111110000000000000
000000001111111110000000000000
000000111111110111000000000000
000000111100001111000000000000
000000011000000111000000000000
000000100000000111100000000000
000000000000000011100000000000
000000000000000111100000000000
000000000000000011100000000000
000000000000000011110000000000
000000000000000001110000000000
000000000000000011110000000000
000000000000000001110000000000
000000000000000001111000000000
000000000000000000111100000000
000000000000000000111100000000
000000000000000000111100000000
000000000000000000011100000000
000000000000000000011110000000
000000000000000000011110000000
000000000000000000011110000000
000000000000000000001110000000
000000000000000000001110000000
000000000000000000001110000000
000000000000000000001111000000
000000000000000000000111000000
000000000000000000000011000000
000000000000000000000000000000
000000000000000000000000000000
000000000000000000000000000000
000000000000000000000000000000
