000000000000000000000000000000
000000000000000000000000000000
000000000000000000000000000000
000000000000000000000000000000
000000000000000000000000000000
000000000000000000000010000000
000000000000000000011110000000
000000000000110011111111000000
000000001111111111111100000000
000001111111111111110000000000
000001111111111110000000000000
000001110100111000000000000000
000000000000111000000000000000
000000000000111100000000000000
000000000000011100000000000000
000000000000011100000000000000
000000000000111100000000000000
000000000000111100000000000000
000000000000011100000000000000
000000000000011100000000000000
000000000000011100000000000000
000000000000011110000000000000
000000000000001110000000000000
000000000000001110000000000000
000000000000001111000000000000
000000000000001111000000000000
000000000000000111000000000000
000000000000000111000000000000
000000000000001111000000000000
000000000000001111000000000000
000000000000000111000000000000
000000000000000111000000000000
000000000000000111100010000000
000000000000000111100000000000
000000000000000011100000000000
000000000000000000000000000000
000000000000000000000000000000
000000000000000000000000000000
000000000000000000000000000000
000000000000000000000000000000
