000000000000000000000000000000
000000000000000000000000000000
000000000000000000000000000000
000000000000000000000000000000
000000000000000000000000000000
000000111101000000000000000000
000000011111110000000000000000
000000111111111000000000000000
000000010111111111100000000000
000000000000011111111000000000
000000000000011111111110000000
000000000000111110111111000000
000000000000111000001111000000
000000000000111100000011000000
000000000000111000000000000000
000000000001111000000000000000
000000000001110000000000000000
000000000001111000000000000000
000000000001110000000000000000
000000000011100000000000000000
000000000011100000000000000000
000000000011100000000000000000
000000000111100000000000000000
000000000111000000000000000000
000000000111100000000000000000
000000000111000000000000000000
000000001111000000000000000000
000000001110000000000000000000
000000001111000000000000000000
000000001110000000000000000000
000000011110000000000000000000
000000111100000000000000000000
000000011110000000000000000000
000000111100000000000000000000
000000111000000000000000000000
000000000000000000000000000000
000000000000000000000000000000
000000000000000000000000000000
000000000000000000000000000000
000000000000000000000000000000
