000000000000000000000000000000
000000000000000000000000000000
000000000000000000000000000000
000000000000000000000000000000
000000000000000000000000000000
000000000000000000000111000000
000000000000011001111111000000
000000100111111111111110000000
000000111111111111111000000000
000000111111111111100000000000
000000110000011100000000000000
000000000000011100000000000000
000000000000011110000000000000
000000000000001110000000000000
000000000000001110000000000000
000000000000011110000000000000
000000000000011110000000000000
000000000000001110000000000000
000000000000001110000000000000
000000000000001110000000000000
000000000000001111000000000000
000000000000000111000000000000
000000000000000111000000000000
000000000000000111100000000000
000000000000000111100000000000
000000000000000011100000000000
000000000000000011100000000000
000000000000000111100000000000
000000000000000111100001000000
000000000000000011100000000000
000000000000000011100000000000
000000000000000011110000000000
000000000000000011110000000000
000000000000000001110000000000
000000000000000000000000000000
000000000000000000000000000000
000000000000000000000000000000
000000000000000000000000000000
000000000000000000000000000000
000000000000000000000000000000
