000000000000000000000000000000
000000000000000000000000000000
000000000000000000000001110000
000000000000000000000111110000
000000000000000000011111111000
000000000000000011111111100000
000000000000001111111000000000
000000000000111111100000000000
000000000011111111000000000000
000000001111111111000000000000
000111101111100111100000000000
000111101100000111100000000000
000111101000000011100000000000
000000000000000011100000000000
000000000000000011110000000000
000000000000000011110000000000
000000000000000001110000000000
000000000000000001111000000000
000000000000000001111000000000
000000000000000000111000000000
000000000000000000111000000000
000000000000000000111100000000
000000000000000000111100000000
000000000000000000011100000000
000000000000000000011110000000
000000000000000000011110000000
000000000000000000011110000000
000000000000000000001110000000
000000000000000000001111000000
000000000000000000001111000000
000000000000000000000111000000
000000000000000000000111000000
000000000000000000000111100000
000000000000000000000000000000
000000000000000000000000000000
000000000000000000000000000000
000000000000000000000000000000
000000000000000000000000000000
000000000000000000000000000000
000000000000000000000000000000
