000000000000000000000000000000
000000000000000000000000000000
000000000000000000000000000000
000000000000000000000000000000
000000000000000000000000000000
000000000000000000000111000000
000000000000000000111111000000
000000000000000011111111100000
000000000000000111111110000000
000000000000011111100000000000
000000000001111100000000000000
000000000111111100000000000000
000000011111111100000000000000
000000111111011111000000000000
000001011100001111000000000000
000001011000001111000000000000
000001000000000111100000000000
000001000000000111100000000000
000000000000000111100000000000
000000000000000011100000000000
000000000000000011110000000000
000000000000000011110000000000
000000000000000001110000000000
000000000000000001110000000000
000000000000000001111000000000
000000000000000000111100000000
000000000000000000011100000000
000000000000000000011110000000
000000000000000000011110000000
000000000000000000001110000000
000000000000000000001110000000
000000000000000000001111000000
000000000000000000001111000000
000000000000000000000111000000
000000000000000000000111000000
000000000000000000000000000000
000000000000000000000000000000
000000000000000000000000000000
000000000000000000000000000000
000000000000000000000000000000
