000000000000000000000000000000
000000000000000000000000000000
000000000000000000000000000000
000000000000000000000000000000
000001100000000000000000000000
000001110000000000000000000000
000001110000000000000000000000
000001110000000000000001110000
000011100000000000000001110000
000011110000000000000001110000
000001110000000000000011100000
000011110000000000000001110000
000011100000000000000001110000
000011110000000000000001110000
000001110000000000000011100000
000011110000000000000001110000
000011100000000000000001110000
000011110000000000000001110000
000001110000000000000011100000
000011110000000000000001110000
000011100000000000000001110000
000001110000000000000001110000
000001110000000000000011100000
000011100000000000000001110000
000011110000000000000001110000
000011110000000000000011110000
000001110000000000000011100000
000001100000000000000001110000
000001110000000000000001110000
000001110000000000000011110000
000000011100000000000011100000
000000011110000000000011100000
000000011110000000000111100000
000000000111111000101111000000
000000000001111111111111000000
000000000000011111111110000000
000000000000000000000000000000
000000000000000000000000000000
000000000000000000000000000000
000000000000000000000000000000
