000000000000000000000000000000
000000000000000000000000000000
000000000000000000000000000000
000000000000000000000000000000
000000000000000000000001100000
000000000000000000000011100000
000000000000000000000011100000
000111000000000000000111110000
000111000000000000000111100000
000111000000000000000011100000
000111000000000000000011100000
000111100000000000000011110000
000111000000000000000001110000
000111000000000000000011110000
000111000000000000000011110000
000111000000000000000011110000
000011100000000000000001110000
000111100000000000000001110000
000111000000000000000001111000
000111000000000000000011110000
000011100000000000000001110000
000011100000000000000001111000
000011100000000000000001111000
000111100000000000000001111000
000011100000000000000000111000
000011100000000000000001110000
000011100000000000000001110000
000011110000000000000001110000
000001110000000000000011110000
000001100000000000000011100000
000001110000000000001111100000
000001111000000000011110000000
000000111110000000111110000000
000000011110011111110000000000
000000000111111111100000000000
000000000000000000000000000000
000000000000000000000000000000
000000000000000000000000000000
000000000000000000000000000000
000000000000000000000000000000
