000000000000000000000000000000
000000000000000000000000000000
000000000000000000000001000000
000000000000000000000011100000
000000000000000000000011100000
000000000000000000000001110000
000000000000000000000001110000
000011110000000000000011100000
000001110000000000000011100000
000011110000000000000001110000
000011100000000000000001110000
000011110000000000000011100000
000001110000000000000011100000
000001110000000000000001110000
000011100000000000000001110000
000011110000000000000011100000
000001110000000000000011100000
000001110000000000000001110000
000011100000000000000001110000
000001110000000000000011100000
000001110000000000000011110000
000001110000000000000001110000
000011100000000000000001110000
000001110000000000000011100000
000001110000000000000011110000
000001110000000000000001110000
000011100000000000000001100000
000001110000000000000011100000
000001110000000000000011100000
000001110000000000000011000000
000011100000000000000110000000
000000110000000000011110000000
000000111000000000011110000000
000000111100000110111000000000
000000111111110111110000000000
000000001111111111000000000000
000000000111111110000000000000
000000000000000000000000000000
000000000000000000000000000000
000000000000000000000000000000
