000000000000000000000000000000
000000000000000000000000000000
000000000000000000000000000000
000000000000000000000000000000
000100000000000000000000000000
000110000000000000000000000000
000111000000000000000000000000
000111100000000000000000000000
000111000000000000000000000000
000111000000000000000001100000
001111000000000000000001110000
000111100000000000000001110000
000111000000000000000000111000
000111000000000000000001111000
001111100000000000000001111000
000111100000000000000001110000
000111000000000000000001111000
000111000000000000000001111000
001111100000000000000001110000
000111000000000000000001111000
000111000000000000000001111000
001111000000000000000001111000
001111100000000000000001110000
000111000000000000000011111000
000111000000000000000001111000
001111000000000000000001110000
000011000000000000000011110000
000011000000000000000011111000
000011100000000000000001110000
000011100000000000000001110000
000001111000000000000011110000
000000111000000000000011110000
000000111111000000010011100000
000000000111111110011111000000
000000000000111111111110000000
000000000000000000000000000000
000000000000000000000000000000
000000000000000000000000000000
000000000000000000000000000000
000000000000000000000000000000
