000000000000000000000000000000
000000000000000000000000000000
000000000000000000000000000000
000000000000000000000000000000
000000000000000000000000000000
000111000000000000000000000000
000111100000000000000000000000
000111100000000000000000000000
000111000000000000000000000000
000111100000000000000001110000
000111100000000000000001110000
000111100000000000000000111000
000111000000000000000001111000
001111100000000000000001110000
000111100000000000000001110000
000111000000000000000001111000
000111000000000000000001111000
000111100000000000000001110000
000111100000000000000001111000
000111000000000000000001111000
000111000000000000000001111000
001111100000000000000001110000
000111100000000000000001111000
000111000000000000000001111000
000111000000000000000001111000
000111100000000000000001110000
000011000000000000000001111000
000011000000000000000001111000
000011100000000000000001111000
000000111000000000000001110000
000000111000000000000000111000
000000111100000000000001110000
000000010111110000001111100000
000000000011111111111111000000
000000000000111111111111000000
000000000000000000000000000000
000000000000000000000000000000
000000000000000000000000000000
000000000000000000000000000000
000000000000000000000000000000
