000000000000000000000000000000
000000000000000000000000000000
000000000000000000000000000000
000000000000000000000000000000
000000000000000000000000110000
000000000000000000000000111000
000000000000000000000001111000
000001100000000000000001110000
000011100000000000000001111000
000011100000000000000000111000
000011100000000000000001110000
000111110000000000000001110000
000111100000000000000001111000
000011100000000000000000111000
000011100000000000000001110000
000111110000000000000001111000
000011100000000000000000111000
000011100000000000000000111000
000011110000000000000001110000
000111110000000000000001111000
000011100000000000000000111000
000011100000000000000000111000
000011110000000000000001110000
000011100000000000000001111000
000011100000000000000000111000
000011110000000000000000111000
000011110000000000000001110000
000011100000000000000001110000
000011110000000000000001110000
000001110000000000000111110000
000001111100000000000111100000
000000111110001001111111000000
000000011111111111111110000000
000000000111111111010000000000
000000000000011111000000000000
000000000000000000000000000000
000000000000000000000000000000
000000000000000000000000000000
000000000000000000000000000000
000000000000000000000000000000
