000000000000000000000000000000
000000000000000000000000000000
000000000000000000000000000000
000000000000000000000000000000
000000000000000000000000000000
000000000000000000000000011000
000000000000000000000001110000
000011100000000000000001110000
000011100000000000000001111000
000011100000000000000001111000
000011100000000000000001110000
000111000000000000000001110000
000111100000000000000001111000
000011100000000000000001111000
000011100000000000000001110000
000111000000000000000001111000
000111100000000000000001111000
000011100000000000000000111000
000011100000000000000001110000
000111000000000000000001111000
000011100000000000000001111000
000011100000000000000001111000
000011100000000000000001111000
000111100000000000000001111000
000011100000000000000000111000
000011100000000000000001111000
000011100000000000000001110000
000111100000000000000001110000
000011100000000000000001110000
000011100000000000000111100000
000001110000000000000111000000
000011110000000000001111000000
000001111000000001111110000000
000000111100011011111000000000
000000011111111111010000000000
000000000000000000000000000000
000000000000000000000000000000
000000000000000000000000000000
000000000000000000000000000000
000000000000000000000000000000
