000000000000000000000000000000
000000000000000000000000000000
000000000000000000000000000000
000000000000000000000000000000
000000000000000000000011100000
000000000000000000000011100000
000000000000000000000011100000
000001100000000000000111100000
000011100000000000000011110000
000011100000000000000011100000
000011100000000000000011100000
000011100000000000000111110000
000011100000000000000011100000
000011100000000000000011100000
000011100000000000000011100000
000011100000000000000011110000
000011100000000000000011110000
000011100000000000000011100000
000011100000000000000011100000
000011100000000000000011110000
000011100000000000000011110000
000011100000000000000011100000
000011100000000000000011100000
000011100000000000000001110000
000011100000000000000011100000
000011110000000000000011100000
000011110000000000000011100000
000011100000000000000001100000
000011100000000000000011000000
000011110000000000000111000000
000011110000000000001111000000
000011100000000000001110000000
000001110000000000011110000000
000000111100000011110000000000
000000111100011111110000000000
000000011111111110000000000000
000000000000000000000000000000
000000000000000000000000000000
000000000000000000000000000000
000000000000000000000000000000
