000000000000000000000000000000
000000000000000000000000000000
000000000000000000000000000000
000000000000000000000000000000
000011000000000000000000000000
000011100000000000000000000000
000011110000000000000000000000
000011110000000000000000000000
000011100000000000000000000000
000011100000000000000000000000
000111100000000000000000100000
000111000000000000000000110000
000011100000000000000000111000
000111100000000000000001111000
000111100000000000000001111000
000111000000000000000001111000
000111000000000000000000111000
001111100000000000000001111000
000111100000000000000001111000
000111000000000000000001111000
001111000000000000000001110000
001111000000000000000011111000
001111000000000000000001111000
001111000000000000000001110000
001111000000000000000001110000
000111000000000000000011110000
000110000000000000000011100000
000110000000000000000011110000
000111000000000000000011110000
000011110000000000000011110000
000001110000000000000011100000
000001111000000000000011100000
000000111100100000000111000000
000000101111110000111111000000
000000000001111111111111000000
000000000000111111111100000000
000000000000000000000000000000
000000000000000000000000000000
000000000000000000000000000000
000000000000000000000000000000
