000000000000000000000000000000
000000000000000000000000000000
000000000000000000000000000000
000000000000000000000000000000
000000000000000000000011000000
000000000000000000000011110000
000000100000000000000001110000
000011100000000000000011110000
000001110000000000000011110000
000011100000000000000011110000
000011100000000000000001110000
000011100000000000000011110000
000001110000000000000011110000
000011100000000000000001110000
000011100000000000000001110000
000011110000000000000001110000
000001110000000000000011110000
000011100000000000000001110000
000011100000000000000001110000
000011110000000000000001110000
000001110000000000000011110000
000011110000000000000001110000
000011100000000000000001110000
000011110000000000000011110000
000001110000000000000011100000
000001110000000000000001110000
000011100000000000000001110000
000001110000000000000011100000
000001110000000000000011000000
000001110000000000000011000000
000011100000000000000111000000
000000110000000000011110000000
000000111000000000111100000000
000000111000001101111000000000
000000111111101111110000000000
000000001111111111000000000000
000000000000000000000000000000
000000000000000000000000000000
000000000000000000000000000000
000000000000000000000000000000
