000000000000000000000000000000
000000000000000000000000000000
000000000000000000000000000000
000000000000000000000000000000
000000000000000000000000000000
000111000000000000000011100000
000111100000000000000011100000
000111000000000000000011100000
000111000000000000000011110000
000111000000000000000011110000
000011100000000000000011100000
000111000000000000000111110000
000111000000000000000011110000
000111000000000000000011100000
000011100000000000000011100000
000111000000000000000011110000
000111000000000000000011110000
000111000000000000000011110000
000011100000000000000011100000
000111100000000000000011110000
000111000000000000000011110000
000111000000000000000011100000
000011100000000000000011100000
000011100000000000000111110000
000111000000000000000011110000
000111000000000000000011100000
000011100000000000000011100000
000011100000000000000011100000
000111000000000000000111000000
000011110000000000001111000000
000001111000000000111110000000
000001111000000011111110000000
000000111111111111110000000000
000000011111111100100000000000
000000000000000000000000000000
000000000000000000000000000000
000000000000000000000000000000
000000000000000000000000000000
000000000000000000000000000000
000000000000000000000000000000
