000000000000000000000000000000
000000000000000000000000000000
000000000000000000000000000000
000000000000000000000001000000
000000000000000000000111000000
000000000000000000000111100000
000000000000000000000111100000
000000000000000000000111000000
000000000000000000000111000000
000000000000000000000111100000
001110000000000000000111100000
001110000000000000000111100000
001110000000000000000011110000
001110000000000000000011110000
001111000000000000000011110000
001111000000000000000001110000
000111000000000000000001111000
001111000000000000000001111000
001111000000000000000011111000
001111000000000000000001111000
000111000000000000000001111000
000111100000000000000001111000
000111100000000000000000111000
000011100000000000000000111000
000011100000000000000000111000
000011110000000000000000111000
000011110000000000000000111000
000001110000000000000000110000
000001110000000000000001110000
000011110000000000000001100000
000011110000000000001111000000
000001110000000000111110000000
000000111000000011111100000000
000000111110001111110000000000
000000001111111111000000000000
000000001111110110000000000000
000000000000000000000000000000
000000000000000000000000000000
000000000000000000000000000000
000000000000000000000000000000
