000000000000000000000000000000
000000000000000000000000000000
000000000000000000000000000000
000000000000000000000001110000
000000000000000000000001110000
000000000000000000000001110000
000001110000000000000011110000
000001110000000000000011110000
000001110000000000000001110000
000011110000000000000001110000
000001110000000000000011110000
000001110000000000000011110000
000011110000000000000011100000
000011100000000000000011100000
000011100000000000000011110000
000001110000000000000011110000
000011110000000000000011100000
000011100000000000000011100000
000011100000000000000011100000
000011100000000000000111100000
000111100000000000000011100000
000011100000000000000011100000
000011100000000000000011100000
000011100000000000000111000000
000111100000000000000111000000
000111000000000000000011100000
000111000000000000000011000000
000011100000000000000111000000
000111100000000000000110000000
000011000000000000001110000000
000011000000000000111100000000
000011100000000000111100000000
000011111000000001111000000000
000001111100011111000000000000
000000111111111111000000000000
000000011111111000000000000000
000000000000000000000000000000
000000000000000000000000000000
000000000000000000000000000000
000000000000000000000000000000
