000000000000000000000000000000
000000000000000000000000000000
000000000000000000000000000000
000000000000000000000000000000
000110000000000000000000000000
000011110000000000000000000000
000001111000000000000000000000
000001111000000000000000000000
000001111000000000000001000000
000000011100000000000001111000
000000001100000000000011110000
000000001110000000000011110000
000000000111000000000111110000
000000000111100000011110000000
000000000011100000011110000000
000000000011110000111110000000
000000000001111001111000000000
000000000000111011110000000000
000000000000111111110000000000
000000000000111111100000000000
000000000000111111000000000000
000000000011111111000000000000
000000000011111111000000000000
000000000111110011110000000000
000000000111100011110000000000
000000011111100001110000000000
000001111110000001111100000000
000001111100000000011100000000
000001111000000000011100000000
000111111000000000011110000000
000111110000000000001111100000
000111000000000000000111100000
000000000000000000000111100000
000000000000000000000011111000
000000000000000000000001111000
000000000000000000000000111000
000000000000000000000000000000
000000000000000000000000000000
000000000000000000000000000000
000000000000000000000000000000
