000000000000000000000000000000
000000000000000000000000000000
000000000000000000000000000000
000001100000000000000000000000
000001111000000000000000000000
000000111000000000000000000000
000000111100000000000000000000
000000011110000000000000000000
000000001110000000000000000000
000000001111000000000000111000
000000000111000000000001111000
000000000111000000000011111000
000000000111100000000011111000
000000000001110000000111100000
000000000001110000001110000000
000000000001111001111110000000
000000000000111001111100000000
000000000000111111111000000000
000000000000011111110000000000
000000000000011111100000000000
000000000001111111000000000000
000000000011111111000000000000
000000000011111111100000000000
000000011111100111100000000000
000000011111100011110000000000
000000111110000001110000000000
000001111110000001111000000000
000111111100000000111000000000
001111110000000000111000000000
001111000000000000011110000000
000011000000000000011111000000
000000000000000000001111000000
000000000000000000000111000000
000000000000000000001111000000
000000000000000000000111110000
000000000000000000000011110000
000000000000000000000000000000
000000000000000000000000000000
000000000000000000000000000000
000000000000000000000000000000
