000000000000000000000000000000
000000000000000000000000000000
000000000000000000000001111000
000000000000000000000001110000
000000000000000000000011100000
000000000000000000000011100000
000000011000000000000011100000
000001111100000000000111000000
000001111110000000001110000000
000000011110000000011100000000
000000011111000000011110000000
000000011111000000011100000000
000000000011100000111000000000
000000000011110001110000000000
000000000011111001110000000000
000000000001111111110000000000
000000000000111111100000000000
000000000000011111000000000000
000000000000011111100000000000
000000000000001111100000000000
000000000000001111110000000000
000000000000011111100000000000
000000000000011111111100000000
000000000000111000111100000000
000000000000111000111100000000
000000000001110000111110000000
000000000011110000001111100000
000000000011110000001111100000
000000000011100000001111100000
000000000111000000000111111000
000000000111000000000001111000
000000011111000000000001111000
000000011110000000000000110000
000000011110000000000000000000
000000111100000000000000000000
000001111100000000000000000000
000000111000000000000000000000
000100100000000000000000000000
000000000000000000000000000000
000000000000000000000000000000
