000000000000000000000000000000
000000000000000000000000000000
000000000000000000000000000000
000011000000000000000000000000
000001110000000000000000000000
000000111100000000000000000000
000000111100000000000000000000
000000111100000000000000000000
000000011100000000000000000000
000000011110000000000000000000
000000000111000000000000111000
000000000111000000000011111000
000000000111000000000111111000
000000000111100000000111110000
000000000011100000001111100000
000000000001111000111110000000
000000000000111001111110000000
000000000000111011111100000000
000000000000111111110000000000
000000000000111111100000000000
000000000001111111000000000000
000000000001111111000000000000
000000000011111111000000000000
000000001111100111100000000000
000000011111000111100000000000
000001111110000011100000000000
000001111110000001110000000000
000001111100000000111000000000
000111110000000000111000000000
001111100000000000111000000000
001111000000000000111100000000
000011000000000000001111000000
000000000000000000001111000000
000000000000000000000111000000
000000000000000000000111100000
000000000000000000000111100000
000000000000000000000011100000
000000000000000000000000000000
000000000000000000000000000000
000000000000000000000000000000
