000000000000000000000000000000
000000000000000000000000000000
000000000000000000000000000000
000000000000000000000000000000
000000000000000000000000000000
000000000000000000000000110000
000101100000000000000001111000
000001110000000000000001110000
000000111000000000000111100000
000000111100000000001111100000
000000111000000000001111000000
000000111100000000001110000000
000000001110000000111100000000
000000000111000000111100000000
000000001111000000111100000000
000000000111100011111000000000
000000000011110011110000000000
000000000001110111100000000000
000000000001111111100000000000
000000000000111111000000000000
000000000000111111000000000000
000000000000011111000000000000
000000000001111111100000000000
000000000011110111110000000000
000000000011110011110000000000
000000000011110001111100000000
000000000111100000111110000000
000000001111000000111110000000
000000001111000000011111000000
000000111111000000001111100000
000000111100000000000011111000
000001111100000000000111111000
000001111000000000000001110000
000011110000000000000000000000
000111110000000000000000000000
000000000000000000000000000000
000000000000000000000000000000
000000000000000000000000000000
000000000000000000000000000000
000000000000000000000000000000
