000000000000000000000000000000
000000000000000000000000000000
000000000000000000000000000000
000000000000000000000000000000
000000000000000000000001110000
000000000000000000000001110000
000001111000000000000011110000
000001111100000000000011110000
000000011110000000000111100000
000000011110000000000110000000
000000011110000000001100000000
000000001111000000011100000000
000000000111000000111100000000
000000000011100000111100000000
000000000011110001111000000000
000000000011111001110000000000
000000000001111011100000000000
000000000000111111000000000000
000000000000111110000000000000
000000000000011111000000000000
000000000000011111000000000000
000000000000111111100000000000
000000000001111111000000000000
000000000001111111100000000000
000000000011100011111000000000
000000000001100001111000000000
000000000111100001111000000000
000000001111000000111100000000
000000011111000000111110000000
000000111100000000111110000000
000000111100000000001111000000
000000111100000000000111100000
000011111000000000000111100000
000111110000000000000111100000
000111000000000000000011000000
000000000000000000000000000000
000000000000000000000000000000
000000000000000000000000000000
000000000000000000000000000000
000000000000000000000000000000
