000000000000000000000000000000
000000000000000000000000000000
000000000000000000000000000000
000000000000000000000000000000
000000000000000000000101100000
000000000000000000000111100000
000000000000000000001111000000
000000000000000000011111000000
000111000000000000011110000000
000111100000000000111100000000
000011110000000000111000000000
000011111100000001111000000000
000011111100000001111000000000
000000011100000001110000000000
000000011111000111100000000000
000000000111100111100000000000
000000000111111111000000000000
000000000011111110000000000000
000000000000111111000000000000
000000000001111110000000000000
000000000000111111000000000000
000000000001111111000000000000
000000000001111111110000000000
000000000011110011110000000000
000000000111110000111000000000
000000000111100001111000000000
000000000111000000111100000000
000000001111000000001110000000
000000001110000000001111000000
000000011110000000000111100000
000000111100000000000011100000
000001111000000000000111111000
000001111000000000000001110000
000001111000000000000000011000
000011110000000000000000011000
000000000000000000000000000000
000000000000000000000000000000
000000000000000000000000000000
000000000000000000000000000000
000000000000000000000000000000
