000000000000000000000000000000
000000000000000000000000000000
000000000000000000000000000000
000000000000000000000000000000
000000000000000000000000000000
000000000000000000000001110000
000011000000000000000111111000
000001111000000000001111100000
000011111100000000000111100000
000001111100000000001111000000
000000111100000000011110000000
000000011111000000111100000000
000000001111000000111100000000
000000000111100011111100000000
000000000111100011110000000000
000000000001110011110000000000
000000000000111111100000000000
000000000000111110000000000000
000000000000111111000000000000
000000000000111111000000000000
000000000001011111000000000000
000000000001111111000000000000
000000000011110011110000000000
000000000011110011110000000000
000000000111110000111000000000
000000001111100001111100000000
000000001111000000111000000000
000000101111000000011110000000
000000111100000000001110000000
000000111100000000011111000000
000001111000000000000110000000
000011111000000000000111100000
000011110000000000000011110000
000111100000000000000011110000
000000000000000000000000000000
000000000000000000000000000000
000000000000000000000000000000
000000000000000000000000000000
000000000000000000000000000000
000000000000000000000000000000
