000000000000000000000000000000
000000000000000000000000000000
000000000000000000000000000000
000000000000000000000111000000
000000000000000000000111100000
000000000000000000000111000000
000000100000000000000111000000
000011111000000000001110000000
000011111000000000011000000000
000001111000000000011100000000
000001111100000000111000000000
000000011110000000111000000000
000000001110000001110000000000
000000001110000001110000000000
000000000111100011100000000000
000000000111110011100000000000
000000000011110111000000000000
000000000011111111000000000000
000000000000111110000000000000
000000000000111110000000000000
000000000000111110000000000000
000000000000111111100000000000
000000000000111111000000000000
000000000001111111100000000000
000000000011100111111000000000
000000000011100001111000000000
000000000111100001111100000000
000000000111000000111110000000
000000001111000000011111000000
000000011110000000011111000000
000000011110000000001111100000
000000111100000000000111110000
000001111000000000000011110000
000011111000000000000001100000
000011111000000000000000000000
000011100000000000000000000000
000000000000000000000000000000
000000000000000000000000000000
000000000000000000000000000000
000000000000000000000000000000
