000000000000000000000000000000
000000000000000000000000000000
000000000000000000000000000000
000000000000000000000000000000
000000000000000000000000000000
000000000000000000000111000000
000000000000000000000111100000
000011000000000000011110000000
000111000000000000111110000000
000111100000000000011100000000
000011110000000000111100000000
000111111000000000111000000000
000000111100000011111000000000
000000111110000011110000000000
000000011110000111100000000000
000000000111100111100000000000
000000000011101111100000000000
000000000001111111000000000000
000000000001111110000000000000
000000000001111110000000000000
000000000001111110000000000000
000000000000111110000000000000
000000000001111111000000000000
000000000111110011100000000000
000000000111100011100000000000
000000000111100001111000000000
000000001111100001111000000000
000000001111000000111100000000
000000001111000000011110000000
000000111100000000001111000000
000000111100000000001110000000
000000111000000000000111000000
000001111000000000000111110000
000001111000000000000111110000
000111110000000000000001111000
000000000000000000000000000000
000000000000000000000000000000
000000000000000000000000000000
000000000000000000000000000000
000000000000000000000000000000
