000000000000000000000000000000
000000000000000000000000000000
000000000000000000000000000000
000000000000000000000000000000
000101000000000000000000000000
000011110000000000000000000000
000001111000000000000000010000
000001111000000000000001110000
000001111100000000000001110000
000000011100000000000111100000
000000001110000000000111110000
000000001110000000000111100000
000000000111000000001110000000
000000000111100000011100000000
000000000011100000111110000000
000000000011111000111100000000
000000000000111001110000000000
000000000000111111100000000000
000000000000111111100000000000
000000000000011111100000000000
000000000000111111000000000000
000000000001111111000000000000
000000000011111111110000000000
000000000111110011110000000000
000000001111100001110000000000
000000001111100001111000000000
000000111111000000111100000000
000011111110000000011100000000
000011111100000000011110000000
000111110000000000011111100000
000111110000000000000111100000
000111000000000000000111100000
000000000000000000000011100000
000000000000000000000001111000
000000000000000000000001111000
000000000000000000000000000000
000000000000000000000000000000
000000000000000000000000000000
000000000000000000000000000000
000000000000000000000000000000
