000000000000000000000000000000
000000000000000000000000000000
000000000000000000000000000000
000000000000000000000000000000
000000000000000000000101100000
000000000000000000000111100000
000000000000000000001111000000
000000000000000000001111000000
000110000000000000011110000000
000111100000000000111000000000
000111110000000000111000000000
000011110000000001111000000000
000111111100000001111000000000
000011111100000111110000000000
000000011110000111100000000000
000000011111100111100000000000
000000000111101111000000000000
000000000011111110000000000000
000000000001111111000000000000
000000000001111110000000000000
000000000000111110000000000000
000000000000111111000000000000
000000000001110111110000000000
000000000011110111111000000000
000000000111110000111000000000
000000000111100001111000000000
000000001111000000111110000000
000000001111000000001111000000
000000001111000000001111000000
000000011110000000000111100000
000000111100000000000011110000
000000111100000000000111111000
000001111000000000000001110000
000001111000000000000000001000
000001111000000000000000000000
000111110000000000000000000000
000000000000000000000000000000
000000000000000000000000000000
000000000000000000000000000000
000000000000000000000000000000
