000000000000000000000000000000
000000000000000000000000000000
000000000000000000000000000000
000000000000000000000000000000
000000000000000000000000000000
000000000000000000000000000000
000000000000000000000000000000
000001111000000000000001100000
000001111100000000000001100000
000000111100000000000011100000
000000111100000000000111100000
000000111100000000001111000000
000000011110000000011110000000
000000001110000000111000000000
000000001110000001111000000000
000000001111000011110000000000
000000000111100111100000000000
000000000111100111000000000000
000000000111111110000000000000
000000000011111100000000000000
000000000011111000000000000000
000000000011111000000000000000
000000000011111000000000000000
000000000111111100000000000000
000000011111111000000000000000
000000011100111100000000000000
000000111100011110000000000000
000001111000011110000000000000
000011111000011110000000000000
000011100000001111000000000000
000011000000001111100000000000
000011000000001111100000000000
000010000000000111100000000000
000000000000000011100000000000
000000000000000011110000000000
000000000000000011110000000000
000000000000000001110000000000
000000000000000000000000000000
000000000000000000000000000000
000000000000000000000000000000
