000000000000000000000000000000
000000000000000000000000000000
000000000000000000000000000000
000000000000000000000000000000
000000000000000000000000000000
000000000000000000000011100000
000011111000000000000011100000
000011111000000000001111100000
000001111000000000001111000000
000001111000000000001111100000
000000111110000000011100000000
000000011110000000111000000000
000000001110000001111000000000
000000001111000011111000000000
000000001111100111100000000000
000000000111000111100000000000
000000000011110111000000000000
000000000001111110000000000000
000000000001111100000000000000
000000000001111100000000000000
000000000001111100000000000000
000000000001111111000000000000
000000000011111111000000000000
000000000111001111000000000000
000000000111000111100000000000
000000001110000111100000000000
000000011110000111110000000000
000000111100000001111000000000
000000011100000001111000000000
000000111000000001111100000000
000001111000000000111100000000
000001110000000000011110000000
000001100000000000001111000000
000000100000000000001111000000
000000000000000000000000000000
000000000000000000000000000000
000000000000000000000000000000
000000000000000000000000000000
000000000000000000000000000000
000000000000000000000000000000
