000000000000000000000000000000
000000000000000000000000000000
000000000000000000000000000000
000000000000000000000000000000
000001100000000000000000000000
000001111000000000000001110000
000000111100000000000111100000
000000111100000000001111100000
000000111100000000001111100000
000000011110000000011111000000
000000000111000000111110000000
000000000111100000111100000000
000000000111100000111100000000
000000000011100011110000000000
000000000001110011110000000000
000000000000111111110000000000
000000000000111111100000000000
000000000000111110000000000000
000000000000111111000000000000
000000000000011111000000000000
000000000001111111100000000000
000000000011110111000000000000
000000000011110011110000000000
000000000011110001110000000000
000000001111100000110000000000
000000001111000001111000000000
000000001111000000111000000000
000000111110000000011100000000
000001111100000000011110000000
000001111000000000011110000000
000001111000000000001110000000
000111110000000000000111000000
000111100000000000000111100000
000000000000000000000011100000
000000000000000000000011100000
000000000000000000000001110000
000000000000000000000000000000
000000000000000000000000000000
000000000000000000000000000000
000000000000000000000000000000
