000000000000000000000000000000
000000000000000000000000000000
000000000000000000000000000000
000000000000000000000011100000
000000000000000000000111000000
000000000000000000010111000000
000000000000000000011110000000
000000000000000000111110000000
000000000000000000111100000000
000011100000000000111000000000
000111000000000000111000000000
000111100000000011110000000000
000111100000000011110000000000
000111111100000011100000000000
000000011110000111100000000000
000000011111100111000000000000
000000011111100111000000000000
000000001111111110000000000000
000000000011111110000000000000
000000000001111110000000000000
000000000000111111000000000000
000000000000111111000000000000
000000000011111111110000000000
000000000111100011111000000000
000000000111100001111100000000
000000000111100000111111000000
000000000111100000111111000000
000000011111000000001111000000
000000011100000000000011110000
000000011100000000000111110000
000000111100000000000001111000
000000111100000000000001111000
000001111000000000000000000000
000011110000000000000000000000
000011110000000000000000000000
000111100000000000000000000000
000000000000000000000000000000
000000000000000000000000000000
000000000000000000000000000000
000000000000000000000000000000
