000000000000000000000000000000
000000000000000000000000000000
000000000000000000000011110000
000000000000000000000011110000
000000000000000000000011000000
000000000000000000001111000000
000001011000000000001111000000
000011111000000000001100000000
000001111100000000011100000000
000000111100000000011000000000
000000111100000000011100000000
000000011111000000111000000000
000000000111000001110000000000
000000000111100011100000000000
000000000111110001100000000000
000000000001111011100000000000
000000000001111111000000000000
000000000000111110000000000000
000000000000111111000000000000
000000000000011111000000000000
000000000000011111100000000000
000000000000111111100000000000
000000000000111011111000000000
000000000001110011111000000000
000000000001100001111000000000
000000000011100001111110000000
000000000111100000011111000000
000000000111100000011111000000
000000000111000000011111000000
000000001110000000000011110000
000000011111000000000011110000
000000011100000000000011110000
000000111100000000000001110000
000000111100000000000000000000
000001111000000000000000000000
000001111000000000000000000000
000001100000000000000000000000
000000000000000000000000000000
000000000000000000000000000000
000000000000000000000000000000
