000000000000000000000000000000
000000000000000000000000000000
000000000000000000000000000000
000111000000000000000000000000
000011000000000000000000000000
000011110000000000000110000000
000001110000000000000111100000
000011110000000000001111100000
000001111000000000111110000000
000000111100000000011110000000
000000011110000000111110000000
000000001110000000111000000000
000000000111000001111000000000
000000000111000111111000000000
000000000011100111100000000000
000000000011100111100000000000
000000000001111111100000000000
000000000000111111000000000000
000000000000111110000000000000
000000000000111110000000000000
000000000000111110000000000000
000000000001111110000000000000
000000000011110111000000000000
000000000011110111100000000000
000000001111110011110000000000
000000001111100001110000000000
000000001111000001111000000000
000000011111000000111000000000
000000011110000000011000000000
000000111110000000001110000000
000001111100000000000111000000
000001111000000000001110000000
000011110000000000000111000000
000011110000000000000111110000
000000000000000000000011110000
000000000000000000000001110000
000000000000000000000000000000
000000000000000000000000000000
000000000000000000000000000000
000000000000000000000000000000
