000000000000000000000000000000
000000000000000000000000000000
000000000000000000000000000000
000000000000000000000000000000
000000000000000000000001110000
000001111100000000000001110000
000001111100000000000111110000
000000111100000000000111100000
000000111100000000001111110000
000000111110000000001110000000
000000001111000000011100000000
000000001111000000011100000000
000000000111000001111000000000
000000000111100011110000000000
000000000111110011100000000000
000000000011111011100000000000
000000000000111111000000000000
000000000000111110000000000000
000000000000111110000000000000
000000000000111110000000000000
000000000001111111000000000000
000000000001111111000000000000
000000000001110111100000000000
000000000011100111110000000000
000000000011000011110000000000
000000000111000011110000000000
000000001110000000111100000000
000000001110000000111100000000
000000011110000000111110000000
000000111100000000011110000000
000000111000000000001111000000
000001110000000000001111000000
000011100000000000000111100000
000011110000000000000010010000
000111100000000000000000000000
000111000000000000000000000000
000000000000000000000000000000
000000000000000000000000000000
000000000000000000000000000000
000000000000000000000000000000
