000000000000000000000000000000
000000000000000000000000000000
000000000000000000000000000000
000000000000000000000000100000
000000000000000000000011100000
000000000000000000000011100000
000000000000000000000111000000
000000000000000000000111000000
000000000000000000000110000000
000000000000000000001110000000
000000000000000000001110000000
000001110000000000001100000000
000011110000000000011110000000
000011111000000000001100000000
000001111000000000011100000000
000000011110000000011100000000
000000011110000000011000000000
000000011111000000111000000000
000000001111100000111000000000
000000000111111000111000000000
000000000011111000111000000000
000000000000011101110000000000
000000000000111111110000000000
000000000000001111100000000000
000000000000000111110000000000
000000000000000011100000000000
000000000000000011100000000000
000000000000000001110000000000
000000000000000001110000000000
000000000000000011110000000000
000000000000000001110000000000
000000000000000001111000000000
000000000000000000111000000000
000000000000000001110000000000
000000000000000000111000000000
000000000000000000111000000000
000000000000000000011100000000
000000000000000000000000000000
000000000000000000000000000000
000000000000000000000000000000
