000000000000000000000000000000
000000000000000000000000000000
000000000000000000000000000000
000000000000000000000000000000
000000000000000000000000000000
000000000000000000000000000000
000000000000000000000000000000
000011100000000000000000000000
000011110000000000000001100000
000011110000000000000011100000
000011110000000000000111100000
000001110000000000001111000000
000001111000000000011111000000
000001111000000000011100000000
000001111000000000111000000000
000000111100000001111000000000
000000111100000011110000000000
000000111100000111100000000000
000000011110001111000000000000
000000001110001110000000000000
000000011111011110000000000000
000000001111111000000000000000
000000000111110000000000000000
000000000111110000000000000000
000000000111100000000000000000
000000000111000000000000000000
000000000111000000000000000000
000000000111000000000000000000
000000001111000000000000000000
000000001110000000000000000000
000000001110000000000000000000
000000001110000000000000000000
000000011110000000000000000000
000000011100000000000000000000
000000011100000000000000000000
000000011100000000000000000000
000000111100000000000000000000
000000001000000000000000000000
000000000000000000000000000000
000000000000000000000000000000
