000000000000000000000000000000
000000000000000000000000000000
000000000000000000000001100000
000000000000000000000011100000
000000000000000000000011000000
000000000000000000000111000000
000000000000000000000111000000
000000000000000000000111000000
000000000000000000000110000000
000000000000000000001110000000
000000000000000000000110000000
000000101000000000001111000000
000011111000000000001110000000
000001111100000000001100000000
000000111100000000011110000000
000000111111000000001100000000
000000001111100000011100000000
000000000111110000011100000000
000000000111111000011100000000
000000000001111110011100000000
000000000001011110111100000000
000000000000011111111000000000
000000000000000111111000000000
000000000000000001111000000000
000000000000000001111000000000
000000000000000000111000000000
000000000000000000111100000000
000000000000000000011100000000
000000000000000000111100000000
000000000000000000011100000000
000000000000000000011110000000
000000000000000000001110000000
000000000000000000001110000000
000000000000000000001111000000
000000000000000000000111000000
000000000000000000000111000000
000000000000000000000111000000
000000000000000000000000000000
000000000000000000000000000000
000000000000000000000000000000
