000000000000000000000000000000
000000000000000000000000000000
000000000000000000000000000000
000000000000000000000000100000
000000000000000000000011100000
000000000000000000000011000000
000000000000000000000111100000
000000000000000000000111000000
000000000000000000000110000000
000000000000000000001111000000
000000000000000000001110000000
000000000000000000001110000000
000000100000000000001110000000
000001111000000000001110000000
000001111100000000001100000000
000001111100000000011110000000
000000111111000000011100000000
000000001111000000011100000000
000000001111110000011100000000
000000000111111000111100000000
000000000001111100011000000000
000000000000111111011000000000
000000000000001111111000000000
000000000000001111111000000000
000000000000000111111000000000
000000000000000001110000000000
000000000000000000111000000000
000000000000000000111100000000
000000000000000000011100000000
000000000000000000011100000000
000000000000000000011100000000
000000000000000000011110000000
000000000000000000001110000000
000000000000000000001110000000
000000000000000000001110000000
000000000000000000001111000000
000000000000000000000111100000
000000000000000000000000000000
000000000000000000000000000000
000000000000000000000000000000
