000000000000000000000000000000
000000000000000000000000000000
000000000000000000000000000000
000100000000000000000000000000
000111000000000000000000000000
000111000000000000000000000000
000111100000000000000000000000
000011100000000000000000000000
000011100000000000000000000000
000011100000000000000000000000
000011110000000000000000000000
000001110000000000000000000000
000001110000000000000000000000
000001110000000000000010000000
000000111000000000000111100000
000000111000000000111111110000
000000111000000000111111000000
000000011100000011111110000000
000000011100000111110000000000
000000011100001111110000000000
000000001110111111000000000000
000000001111111100000000000000
000000001111111100000000000000
000000001111100000000000000000
000000001111000000000000000000
000000001110000000000000000000
000000011110000000000000000000
000000011110000000000000000000
000000011100000000000000000000
000000111100000000000000000000
000000111100000000000000000000
000000111100000000000000000000
000000111000000000000000000000
000001111000000000000000000000
000000111000000000000000000000
000000000000000000000000000000
000000000000000000000000000000
000000000000000000000000000000
000000000000000000000000000000
000000000000000000000000000000
