000000000000000000000000000000
000000000000000000000000000000
000000000000000000000000000000
000000000000000000000000000000
000000000000000000000011110000
000000000000000000000111100000
000000000000000000000011100000
000011100000000000000111000000
000011110000000000001111000000
000011110000000000011110000000
000001110000000000011000000000
000001110000000000111000000000
000001111000000000111000000000
000000111100000001111000000000
000000011110000001110000000000
000000011110000011110000000000
000000011110000011000000000000
000000001111000111000000000000
000000001111100111000000000000
000000000011111110000000000000
000000000111111100000000000000
000000000011111100000000000000
000000000001111100000000000000
000000000001111000000000000000
000000000000111000000000000000
000000000000111000000000000000
000000000000111000000000000000
000000000001111000000000000000
000000000001110000000000000000
000000000001110000000000000000
000000000000111000000000000000
000000000001111000000000000000
000000000001110000000000000000
000000000001110000000000000000
000000000001110000000000000000
000000000001111000000000000000
000000000000000000000000000000
000000000000000000000000000000
000000000000000000000000000000
000000000000000000000000000000
