000000000000000000000000000000
000000000000000000000000000000
000000000000000000000000000000
000000000000000000000000000000
000000000000000000000000000000
000000000000000000000011100000
000000000000000000000111100000
000010000000000000000111100000
000011000000000000000111000000
000011100000000000001111000000
000011110000000000001111000000
000001110000000000001110000000
000001111000000000011110000000
000000111100000000011110000000
000000011110000000011100000000
000000001111000000011100000000
000000000111100000011100000000
000000000111110000111100000000
000000000001111000111000000000
000000000000111000111000000000
000000000000111111111000000000
000000000000011111110000000000
000000000000000111110000000000
000000000000000111110000000000
000000000000000011110000000000
000000000000000011110000000000
000000000000000001110000000000
000000000000000001110000000000
000000000000000001111000000000
000000000000000001111000000000
000000000000000000111000000000
000000000000000000111000000000
000000000000000000111100000000
000000000000000000011100000000
000000000000000000000000000000
000000000000000000000000000000
000000000000000000000000000000
000000000000000000000000000000
000000000000000000000000000000
000000000000000000000000000000
