000000000000000000000000000000
000000000000000000000000000000
000000000000000000000000000000
000000000000000000000000000000
000000000000000000000000000000
000000000000000000000000000000
000000000000000000000000000000
000000000000000000000000000000
000000000000000000000000000000
000000000000000000000000110000
000000000000000000000001110000
000000000000000000000011110000
000000000000000000000011100000
000100000000000000000011100000
000100000000000000000111100000
000101100000000000000111000000
000101110000000000000111000000
000001111000000000001111000000
000000111000000000001110000000
000000111110000000001110000000
000000011111000000001110000000
000000001111100000001110000000
000000000111110000011100000000
000000000011111000011100000000
000000000001111100011100000000
000000000000011110111000000000
000000000000011111111000000000
000000000000001111111000000000
000000000000000011111000000000
000000000000000001111000000000
000000000000000001111000000000
000000000000000000111000000000
000000000000000000111100000000
000000000000000000111100000000
000000000000000000111100000000
000000000000000000011100000000
000000000000000000011110000000
000000000000000000011110000000
000000000000000000001110000000
000000000000000000000000000000
