000000000000000000000000000000
000000000000000000000000000000
000000000000000000000000000000
000000000000000000000000000000
000000000000000000000011100000
000000000000000000000111100000
000000000000000000000111100000
000000000000000000000111000000
000000000000000000001111000000
000000000000000000001111000000
000000000000000000001110000000
000000000000000000011110000000
000000000000000000001111000000
000001110000000000001110000000
000001111000000000001110000000
000001111000000000001110000000
000000111111000000011110000000
000000111111100000011100000000
000000001111110000011100000000
000000000011111100111100000000
000000000011111111111000000000
000000000000011111111000000000
000000000000011011111000000000
000000000000000011111000000000
000000000000000000111100000000
000000000000000000011100000000
000000000000000000011100000000
000000000000000000011110000000
000000000000000000011110000000
000000000000000000001110000000
000000000000000000001110000000
000000000000000000001111000000
000000000000000000001111000000
000000000000000000000111000000
000000000000000000000111100000
000000000000000000000000000000
000000000000000000000000000000
000000000000000000000000000000
000000000000000000000000000000
000000000000000000000000000000
