000000000000000000000000000000
000000000000000000000000000000
000000000000000000000000000000
000000000000000000000011000000
000000000000000000001111000000
000000000000000000011110000000
000000000000000000001110000000
000000000000000000001110000000
000000000000000000001110000000
000000000000000000011100000000
000000000000000000011100000000
000000000000000000011100000000
000000000000000000011100000000
000011110000000000011100000000
000011111000000000111100000000
000011111010000000011100000000
000001111110000000011000000000
000000011111100000011100000000
000000001111110000011000000000
000000000111111100111000000000
000000000011111110010000000000
000000000001111111111000000000
000000000000011111111000000000
000000000000000111111000000000
000000000000000001111000000000
000000000000000000111000000000
000000000000000000111100000000
000000000000000000011110000000
000000000000000000011100000000
000000000000000000011110000000
000000000000000000001111000000
000000000000000000000111000000
000000000000000000000111000000
000000000000000000000111000000
000000000000000000000111100000
000000000000000000000011100000
000000000000000000000011100000
000000000000000000000000000000
000000000000000000000000000000
000000000000000000000000000000
