000000000000000000000000000000
000000000000000000000000000000
000000000000000000000000000000
000000000000000000000001100000
000000000000000000000011100000
000000000000000000000011000000
000000000000000000000011000000
000000000000000000000111000000
000000000000000000000111000000
000000000000000000000110000000
000000000000000000001110000000
000000000000000000000110000000
000000111000000000001111000000
000001111000000000001110000000
000001111100000000001110000000
000000011111000000001100000000
000000001111000000001110000000
000000001111100000001100000000
000000000111111000011110000000
000000000101111000001100000000
000000000001111110011100000000
000000000000011111111100000000
000000000000001111111100000000
000000000000001111111000000000
000000000000000001111000000000
000000000000000000111000000000
000000000000000000111100000000
000000000000000000011100000000
000000000000000000011100000000
000000000000000000011100000000
000000000000000000011110000000
000000000000000000001110000000
000000000000000000001110000000
000000000000000000001110000000
000000000000000000001111000000
000000000000000000000111000000
000000000000000000000011000000
000000000000000000000000000000
000000000000000000000000000000
000000000000000000000000000000
