000000000000000000000000000000
000000000000000000000000000000
000000000000000000000000000000
000000000000000000000000000000
000000000000000000000001100000
000000000000000000000111100000
000000000000000000000111100000
000000000000000000000111000000
000000000000000000001111000000
000000000000000000001111000000
000000000000000000001110000000
000000000000000000001111000000
000001100000000000001111000000
000001110000000000001110000000
000001111000000000001110000000
000001111110000000001110000000
000000111111000000011110000000
000000011111100000011100000000
000000000111110000011100000000
000000000011111100111100000000
000000000001111111111000000000
000000000000011111111000000000
000000000000001111111000000000
000000000000000000111100000000
000000000000000000111100000000
000000000000000000011100000000
000000000000000000011100000000
000000000000000000011110000000
000000000000000000011110000000
000000000000000000001110000000
000000000000000000001110000000
000000000000000000001111000000
000000000000000000001111000000
000000000000000000000111000000
000000000000000000000011100000
000000000000000000000000000000
000000000000000000000000000000
000000000000000000000000000000
000000000000000000000000000000
000000000000000000000000000000
