000000000000000000000000000000
000000000000000000000000000000
000000000000000000000000000000
000000000000000000000000000000
000000110000000000000000000000
000001110000000000000000000000
000001110000000000000000000000
000000111000000000000000000000
000001110000000000000000000000
000000011000000000000000000000
000000111100000000000010000000
000000111100000000000111100000
000000011100000000000111100000
000000011100000000011111100000
000000001100000000011110000000
000000001110000001111110000000
000000001110000001111000000000
000000000111000011111000000000
000000000110000111100000000000
000000000110001111100000000000
000000000111111111000000000000
000000000011111110000000000000
000000000011111100000000000000
000000000011111000000000000000
000000000011110000000000000000
000000000011110000000000000000
000000000011100000000000000000
000000000111100000000000000000
000000000111000000000000000000
000000000111000000000000000000
000000000111100000000000000000
000000000111000000000000000000
000000001111000000000000000000
000000001110000000000000000000
000000001111000000000000000000
000000001110000000000000000000
000000000000000000000000000000
000000000000000000000000000000
000000000000000000000000000000
000000000000000000000000000000
