000000000000000000000000000000
000000000000000000000000000000
000000000000000000000000000000
000000000000000000000000000000
000011000000000000000000000000
000011100000000000000000000000
000011110000000000000000000000
000011110000000000000000000000
000001110000000000000000000000
000001110000000000000000000000
000001110000000000000000000000
000001110000000000000000000000
000001110000000000000000000000
000001110000000000000000000000
000001110000000000000000000000
000000111000000000000000000000
000000111000000000000111000000
000000111000000000101111100000
000000111000000001111111100000
000000011100000011111111000000
000000011100000111111110000000
000000011100011111110000000000
000000001110111111010000000000
000000011111111100000000000000
000000011111100000000000000000
000000011111000000000000000000
000000011110000000000000000000
000000111100000000000000000000
000000111100000000000000000000
000000111100000000000000000000
000001111000000000000000000000
000001111000000000000000000000
000001111000000000000000000000
000001111000000000000000000000
000011110000000000000000000000
000000000000000000000000000000
000000000000000000000000000000
000000000000000000000000000000
000000000000000000000000000000
000000000000000000000000000000
